20891 49661
65235 63572
16311 20799
20339 64551
45729 15719
4898 13405
58162 16537
59059 18972
49391 38389
59266 6786
39479 63594
60742 8943
24881 4589
18047 1284
43599 52471
9855 59927
62531 63544
11547 18297
2262 55498
2680 48847
29507 18676
17404 31874
47639 31242
41241 36107
53768 17152
37212 14793
54138 36768
48577 37281
44775 48748
54479 43859
12345 56594
8436 38100
21004 49378
8504 36682
58952 38998
15804 21327
27018 39554
11109 823
34854 37995
51297 1223
29257 52895
24290 22945
55727 2920
3119 24913
31878 25419
14098 18283
27327 25035
42117 39737
50790 64406
55220 63392
25593 13324
42425 26105
59642 46727
18655 36454
63309 8138
32466 10276
30186 42482
7727 35952
49064 15269
38940 3927
33707 1218
9589 4717
37527 53537
17725 48964
45115 54329
64644 17362
36596 25062
31958 12808
32410 10681
25123 7045
52946 37232
42996 7953
37803 40630
6317 64790
22315 32360
