8.781164e+00
6.904367e-01
8.006290e-01
7.359596e-01
6.821071e-01
7.022829e-01
5.912674e-01
5.769044e-01
6.022815e-01
7.518903e-01
8.234747e-01
5.478731e-01
5.153212e-01
5.542172e-01
5.973881e-01
6.209271e-01
6.013532e-01
6.271479e-01
6.246245e-01
5.565824e-01
6.757541e-01
6.501593e-01
6.073933e-01
5.444193e-01
6.883076e-01
6.477361e-01
6.209647e-01
6.248905e-01
5.777461e-01
6.814618e-01
6.317632e-01
7.137981e-01
5.299840e-01
6.340580e-01
5.355665e-01
4.682287e-01
6.882519e-01
5.850481e-01
7.224988e-01
6.281600e-01
5.228380e-01
6.449353e-01
5.463483e-01
6.324876e-01
5.339017e-01
6.167844e-01
5.998886e-01
5.940925e-01
6.118819e-01
6.105941e-01
5.168609e-01
5.904882e-01
5.613074e-01
6.444904e-01
6.302277e-01
5.967728e-01
6.688767e-01
6.150378e-01
5.060049e-01
6.282020e-01
5.779489e-01
6.571481e-01
6.244363e-01
6.527881e-01
5.455854e-01
4.470765e-01
5.652509e-01
4.454920e-01
5.576666e-01
5.285415e-01
4.735954e-01
5.901291e-01
7.003834e-01
5.237214e-01
5.892268e-01
6.334805e-01
5.796622e-01
5.330898e-01
5.584680e-01
6.445543e-01
