   4.1757000e+04   1.4890000e+03
   2.8807000e+04   1.5719000e+04
   2.8130000e+04   3.7995000e+04
   2.8291000e+04   8.4750000e+03
   3.4703000e+04   4.0630000e+04
   4.1711000e+04   5.7761000e+04
   2.5450000e+04   1.2808000e+04
   1.9588000e+04   8.1380000e+03
   5.9769000e+04   3.6768000e+04
   4.4159000e+04   1.8297000e+04
   3.4623000e+04   8.8750000e+03
   6.0851000e+04   7.9530000e+03
   1.8973000e+04   3.9737000e+04
   2.9490000e+04   4.6603000e+04
   5.8060000e+03   5.2895000e+04
   3.7425000e+04   4.7650000e+03
   1.4210000e+04   1.2230000e+03
   3.6982000e+04   6.3544000e+04
   6.4111000e+04   3.2360000e+04
   7.3670000e+03   1.7362000e+04
   3.5569000e+04   5.8546000e+04
   6.5466000e+04   3.7281000e+04
   2.2998000e+04   5.6768000e+04
   1.1196000e+04   4.3859000e+04
   3.5186000e+04   6.9070000e+03
   5.2870000e+04   3.6682000e+04
   4.6490000e+03   5.2471000e+04
   3.9750000e+03   6.4790000e+04
   5.3543000e+04   3.8100000e+04
   5.7905000e+04   3.6454000e+04
   2.1571000e+04   5.5498000e+04
   1.0553000e+04   1.4663000e+04
   2.5778000e+04   4.7170000e+03
   1.4101000e+04   2.4167000e+04
   2.5879000e+04   3.8089000e+04
   1.7768000e+04   2.5490000e+04
   4.8439000e+04   6.3392000e+04
   6.4470000e+03   3.6107000e+04
   4.1404000e+04   1.5269000e+04
   3.5077000e+04   5.6594000e+04
   3.5252000e+04   5.6820000e+03
   7.5510000e+03   1.4793000e+04
   1.0975000e+04   4.8847000e+04
   4.5297000e+04   4.8964000e+04
   3.5347000e+04   3.3674000e+04
   3.1490000e+04   3.2321000e+04
   4.6009000e+04   2.0799000e+04
   8.6970000e+03   5.6949000e+04
   5.4466000e+04   1.3324000e+04
   1.4835000e+04   4.8748000e+04
   2.0745000e+04   2.4150000e+03
   6.5325000e+04   8.2300000e+02
   1.7624000e+04   3.9270000e+03
   6.3767000e+04   3.8389000e+04
   4.5907000e+04   4.5890000e+03
   3.5456000e+04   2.4797000e+04
   3.3410000e+04   2.2970000e+03
   5.0197000e+04   2.5419000e+04
   1.3301000e+04   2.9200000e+03
   2.0324000e+04   3.1874000e+04
   4.1298000e+04   3.7232000e+04
   2.0792000e+04   2.2430000e+03
   5.6002000e+04   8.9430000e+03
   1.1373000e+04   1.2180000e+03
   3.7331000e+04   2.5335000e+04
   3.0685000e+04   6.3572000e+04
   3.1061000e+04   6.0577000e+04
   5.4791000e+04   4.6727000e+04
   3.6035000e+04   1.6537000e+04
   5.8128000e+04   7.0450000e+03
   4.6545000e+04   1.0276000e+04
   2.4870000e+03   2.4913000e+04
   5.2813000e+04   5.4329000e+04
