   2.5739000e+04   4.9260000e+03
   1.3240000e+04   1.5719000e+04
   6.0413000e+04   3.7995000e+04
   1.7190000e+04   6.0536000e+04
   4.9014000e+04   4.0630000e+04
   3.9671000e+04   3.9834000e+04
   3.7825000e+04   1.2808000e+04
   3.0684000e+04   8.1380000e+03
   4.8519000e+04   3.6768000e+04
   4.7855000e+04   1.8297000e+04
   1.1566000e+04   2.0852000e+04
   6.2239000e+04   7.9530000e+03
   4.7911000e+04   3.9737000e+04
   3.4390000e+04   4.4820000e+04
   1.0367000e+04   5.2895000e+04
   6.7700000e+03   9.3300000e+02
   2.9289000e+04   1.2230000e+03
   3.2025000e+04   6.3544000e+04
   3.0310000e+03   3.2360000e+04
   6.1791000e+04   1.7362000e+04
   3.4679000e+04   2.6330000e+03
   4.1829000e+04   3.7281000e+04
   1.9270000e+04   3.2536000e+04
   4.4470000e+03   4.3859000e+04
   2.0914000e+04   3.4488000e+04
   4.3112000e+04   3.6682000e+04
   1.7780000e+04   5.2471000e+04
   5.6346000e+04   6.4790000e+04
   6.2643000e+04   3.8100000e+04
   5.7022000e+04   3.6454000e+04
   2.8030000e+03   5.5498000e+04
   1.3598000e+04   5.8916000e+04
   5.1319000e+04   4.7170000e+03
   2.8502000e+04   2.6693000e+04
   1.5614000e+04   6.5261000e+04
   3.3898000e+04   1.3637000e+04
   5.2020000e+04   6.3392000e+04
   5.4248000e+04   3.6107000e+04
   1.6887000e+04   1.5269000e+04
   2.0086000e+04   5.6594000e+04
   3.6535000e+04   1.2740000e+03
   2.9447000e+04   1.4793000e+04
   1.1293000e+04   4.8847000e+04
   1.4449000e+04   4.8964000e+04
   3.6599000e+04   3.7155000e+04
   2.2004000e+04   4.4292000e+04
   4.6638000e+04   2.0799000e+04
   3.0859000e+04   6.2860000e+03
   2.4543000e+04   1.3324000e+04
   6.1862000e+04   4.8748000e+04
   2.2684000e+04   6.6170000e+03
   4.1482000e+04   8.2300000e+02
   1.4918000e+04   3.9270000e+03
   4.6042000e+04   3.8389000e+04
   6.4471000e+04   4.5890000e+03
   9.9400000e+03   5.3875000e+04
   2.7044000e+04   5.1998000e+04
   5.6857000e+04   2.5419000e+04
   6.2748000e+04   2.9200000e+03
   5.5708000e+04   3.1874000e+04
   4.9482000e+04   3.7232000e+04
   4.4663000e+04   3.0150000e+04
   3.7358000e+04   8.9430000e+03
   5.4601000e+04   1.2180000e+03
   3.1431000e+04   6.7870000e+03
   2.3580000e+04   6.3572000e+04
   8.8680000e+03   1.2423000e+04
   3.9239000e+04   4.6727000e+04
   6.4953000e+04   1.6537000e+04
   4.1421000e+04   7.0450000e+03
   5.1833000e+04   1.0276000e+04
   2.4720000e+03   2.4913000e+04
   1.7419000e+04   5.4329000e+04
