   4.5507000e+04   4.6798000e+04
   4.1213000e+04   1.5719000e+04
   5.3739000e+04   3.7995000e+04
   5.8175000e+04   2.2181000e+04
   1.8173000e+04   4.0630000e+04
   5.6977000e+04   2.6198000e+04
   2.8085000e+04   1.2808000e+04
   1.8973000e+04   8.1380000e+03
   1.3914000e+04   3.6768000e+04
   1.0612000e+04   1.8297000e+04
   3.7428000e+04   4.9430000e+03
   1.4334000e+04   7.9530000e+03
   4.2056000e+04   3.9737000e+04
   3.7507000e+04   6.3135000e+04
   1.1430000e+03   5.2895000e+04
   2.1768000e+04   2.5167000e+04
   2.8826000e+04   1.2230000e+03
   6.0953000e+04   6.3544000e+04
   3.1707000e+04   3.2360000e+04
   6.4831000e+04   1.7362000e+04
   2.9570000e+04   3.2157000e+04
   3.7991000e+04   3.7281000e+04
   4.9935000e+04   4.9850000e+04
   1.4633000e+04   4.3859000e+04
   5.1119000e+04   5.6033000e+04
   3.2015000e+04   3.6682000e+04
   2.7164000e+04   5.2471000e+04
   2.4415000e+04   6.4790000e+04
   6.2104000e+04   3.8100000e+04
   1.0904000e+04   3.6454000e+04
   2.6060000e+03   5.5498000e+04
   5.0879000e+04   5.0428000e+04
   1.4080000e+03   4.7170000e+03
   3.2530000e+04   4.3850000e+04
   5.4847000e+04   3.7039000e+04
   2.5863000e+04   2.4760000e+04
   6.5016000e+04   6.3392000e+04
   6.4332000e+04   3.6107000e+04
   1.4429000e+04   1.5269000e+04
   4.2918000e+04   5.6594000e+04
   4.8768000e+04   2.1380000e+03
   3.1303000e+04   1.4793000e+04
   2.0503000e+04   4.8847000e+04
   4.0740000e+04   4.8964000e+04
   5.7039000e+04   6.3254000e+04
   4.2658000e+04   3.4090000e+04
   1.1172000e+04   2.0799000e+04
   5.1983000e+04   3.3517000e+04
   3.2822000e+04   1.3324000e+04
   2.9391000e+04   4.8748000e+04
   4.7634000e+04   1.1382000e+04
   3.4040000e+03   8.2300000e+02
   5.2363000e+04   3.9270000e+03
   5.6358000e+04   3.8389000e+04
   5.6615000e+04   4.5890000e+03
   4.1364000e+04   3.6907000e+04
   5.7823000e+04   5.7868000e+04
   4.7910000e+03   2.5419000e+04
   4.1455000e+04   2.9200000e+03
   6.0645000e+04   3.1874000e+04
   3.7876000e+04   3.7232000e+04
   4.8594000e+04   1.3326000e+04
   3.7049000e+04   8.9430000e+03
   2.4175000e+04   1.2180000e+03
   2.2292000e+04   6.0444000e+04
   4.6074000e+04   6.3572000e+04
   2.7976000e+04   3.7117000e+04
   1.8066000e+04   4.6727000e+04
   1.9872000e+04   1.6537000e+04
   1.9414000e+04   7.0450000e+03
   3.9256000e+04   1.0276000e+04
   6.6210000e+03   2.4913000e+04
   1.2099000e+04   5.4329000e+04
