   4.4262000e+04   5.4977000e+04
   3.4748000e+04   1.5719000e+04
   1.8229000e+04   3.7995000e+04
   4.8898000e+04   3.7952000e+04
   2.3466000e+04   4.0630000e+04
   8.8670000e+03   4.4604000e+04
   4.7267000e+04   1.2808000e+04
   2.9503000e+04   8.1380000e+03
   1.2490000e+04   3.6768000e+04
   2.6849000e+04   1.8297000e+04
   3.5268000e+04   3.3804000e+04
   3.8894000e+04   7.9530000e+03
   2.8625000e+04   3.9737000e+04
   4.1301000e+04   1.4293000e+04
   5.7378000e+04   5.2895000e+04
   2.6003000e+04   3.7910000e+03
   4.2885000e+04   1.2230000e+03
   3.7955000e+04   6.3544000e+04
   4.0127000e+04   3.2360000e+04
   5.1550000e+04   1.7362000e+04
   5.7480000e+03   5.7992000e+04
   2.0070000e+04   3.7281000e+04
   6.2034000e+04   5.2510000e+03
   1.9690000e+03   4.3859000e+04
   3.1009000e+04   6.1340000e+04
   4.5619000e+04   3.6682000e+04
   1.9439000e+04   5.2471000e+04
   4.3435000e+04   6.4790000e+04
   4.8350000e+03   3.8100000e+04
   5.5595000e+04   3.6454000e+04
   5.1738000e+04   5.5498000e+04
   2.1761000e+04   9.8670000e+03
   4.1789000e+04   4.7170000e+03
   1.8867000e+04   6.1674000e+04
   3.6107000e+04   1.4416000e+04
   2.0636000e+04   3.4600000e+04
   7.7110000e+03   6.3392000e+04
   4.3730000e+03   3.6107000e+04
   5.4218000e+04   1.5269000e+04
   6.0305000e+04   5.6594000e+04
   5.6834000e+04   4.8982000e+04
   6.4583000e+04   1.4793000e+04
   2.0195000e+04   4.8847000e+04
   3.4410000e+03   4.8964000e+04
   3.4548000e+04   3.4481000e+04
   1.2562000e+04   1.4336000e+04
   4.9205000e+04   2.0799000e+04
   3.1898000e+04   6.3956000e+04
   4.5048000e+04   1.3324000e+04
   1.4908000e+04   4.8748000e+04
   3.3021000e+04   5.6416000e+04
   6.4268000e+04   8.2300000e+02
   1.4355000e+04   3.9270000e+03
   3.0218000e+04   3.8389000e+04
   2.5298000e+04   4.5890000e+03
   1.0707000e+04   4.7816000e+04
   5.6082000e+04   5.0387000e+04
   1.8180000e+03   2.5419000e+04
   2.3094000e+04   2.9200000e+03
   1.0582000e+04   3.1874000e+04
   4.9813000e+04   3.7232000e+04
   1.9745000e+04   5.6740000e+03
   6.1633000e+04   8.9430000e+03
   6.1145000e+04   1.2180000e+03
   3.4388000e+04   2.2811000e+04
   6.1973000e+04   6.3572000e+04
   6.0866000e+04   3.2294000e+04
   3.7530000e+04   4.6727000e+04
   2.8693000e+04   1.6537000e+04
   5.2417000e+04   7.0450000e+03
   4.2735000e+04   1.0276000e+04
   6.4853000e+04   2.4913000e+04
   5.3673000e+04   5.4329000e+04
