   2.2811000e+04   3.8146000e+04
   4.2499000e+04   1.5719000e+04
   5.6934000e+04   3.7995000e+04
   2.1412000e+04   1.3776000e+04
   3.1682000e+04   4.0630000e+04
   1.3953000e+04   1.1950000e+04
   4.4709000e+04   1.2808000e+04
   3.1470000e+03   8.1380000e+03
   3.7885000e+04   3.6768000e+04
   2.3430000e+03   1.8297000e+04
   1.9771000e+04   4.0069000e+04
   3.1141000e+04   7.9530000e+03
   4.2051000e+04   3.9737000e+04
   1.4684000e+04   1.8643000e+04
   5.6113000e+04   5.2895000e+04
   6.0848000e+04   6.2037000e+04
   3.4279000e+04   1.2230000e+03
   1.3043000e+04   6.3544000e+04
   3.2781000e+04   3.2360000e+04
   1.4279000e+04   1.7362000e+04
   2.5541000e+04   2.0710000e+04
   5.6289000e+04   3.7281000e+04
   6.0911000e+04   4.4597000e+04
   4.3160000e+03   4.3859000e+04
   1.1645000e+04   6.3881000e+04
   6.3575000e+04   3.6682000e+04
   8.2790000e+03   5.2471000e+04
   5.1326000e+04   6.4790000e+04
   6.8850000e+03   3.8100000e+04
   3.0543000e+04   3.6454000e+04
   5.1548000e+04   5.5498000e+04
   3.1035000e+04   3.2583000e+04
   4.2892000e+04   4.7170000e+03
   4.2313000e+04   3.9264000e+04
   4.0217000e+04   6.3821000e+04
   3.7114000e+04   5.7491000e+04
   4.9013000e+04   6.3392000e+04
   4.4263000e+04   3.6107000e+04
   9.7500000e+02   1.5269000e+04
   2.9205000e+04   5.6594000e+04
   3.9353000e+04   7.4860000e+03
   1.7272000e+04   1.4793000e+04
   6.5046000e+04   4.8847000e+04
   5.1738000e+04   4.8964000e+04
   3.3445000e+04   1.4565000e+04
   5.8676000e+04   6.2891000e+04
   2.8100000e+03   2.0799000e+04
   3.4058000e+04   2.0874000e+04
   2.5749000e+04   1.3324000e+04
   6.5504000e+04   4.8748000e+04
   5.6597000e+04   5.6128000e+04
   4.5950000e+03   8.2300000e+02
   1.6622000e+04   3.9270000e+03
   6.0622000e+04   3.8389000e+04
   6.0360000e+03   4.5890000e+03
   1.2766000e+04   3.3935000e+04
   5.6738000e+04   1.1048000e+04
   1.8944000e+04   2.5419000e+04
   3.8630000e+04   2.9200000e+03
   4.1126000e+04   3.1874000e+04
   5.2427000e+04   3.7232000e+04
   1.7772000e+04   3.4078000e+04
   5.7850000e+03   8.9430000e+03
   2.4151000e+04   1.2180000e+03
   1.9918000e+04   2.9660000e+03
   1.9037000e+04   6.3572000e+04
   2.7003000e+04   4.1986000e+04
   1.9212000e+04   4.6727000e+04
   1.1528000e+04   1.6537000e+04
   1.5513000e+04   7.0450000e+03
   4.7128000e+04   1.0276000e+04
   1.1823000e+04   2.4913000e+04
   5.4299000e+04   5.4329000e+04
