   9.4350000e+03   5.2631000e+04
   5.1272000e+04   1.5719000e+04
   2.0177000e+04   3.7995000e+04
   2.8123000e+04   3.4136000e+04
   2.0467000e+04   4.0630000e+04
   3.5257000e+04   3.5386000e+04
   1.2550000e+03   1.2808000e+04
   5.4547000e+04   8.1380000e+03
   4.6053000e+04   3.6768000e+04
   8.0460000e+03   1.8297000e+04
   2.0650000e+04   6.2241000e+04
   3.1004000e+04   7.9530000e+03
   2.3553000e+04   3.9737000e+04
   6.4280000e+03   5.9889000e+04
   8.7630000e+03   5.2895000e+04
   3.8250000e+04   6.2860000e+03
   5.1990000e+03   1.2230000e+03
   4.1524000e+04   6.3544000e+04
   8.7010000e+03   3.2360000e+04
   2.7870000e+04   1.7362000e+04
   4.9845000e+04   6.0000000e+03
   5.3902000e+04   3.7281000e+04
   2.5138000e+04   4.7960000e+04
   4.0935000e+04   4.3859000e+04
   4.7324000e+04   2.2496000e+04
   1.1604000e+04   3.6682000e+04
   3.7611000e+04   5.2471000e+04
   6.2777000e+04   6.4790000e+04
   5.1194000e+04   3.8100000e+04
   4.4548000e+04   3.6454000e+04
   1.3026000e+04   5.5498000e+04
   4.9290000e+04   4.7065000e+04
   2.4559000e+04   4.7170000e+03
   3.6329000e+04   5.3195000e+04
   3.3898000e+04   1.3637000e+04
   2.6746000e+04   6.4519000e+04
   3.9716000e+04   6.3392000e+04
   1.4563000e+04   3.6107000e+04
   6.4727000e+04   1.5269000e+04
   3.5419000e+04   5.6594000e+04
   8.6050000e+03   1.1480000e+04
   5.6719000e+04   1.4793000e+04
   2.9695000e+04   4.8847000e+04
   5.8570000e+03   4.8964000e+04
   6.2931000e+04   1.8426000e+04
   6.3640000e+03   1.5460000e+03
   2.9605000e+04   2.0799000e+04
   2.2667000e+04   4.8900000e+04
   4.8721000e+04   1.3324000e+04
   5.0482000e+04   4.8748000e+04
   4.4120000e+03   4.0479000e+04
   6.1464000e+04   8.2300000e+02
   4.9938000e+04   3.9270000e+03
   5.3108000e+04   3.8389000e+04
   5.0340000e+03   4.5890000e+03
   1.7788000e+04   2.3691000e+04
   2.1317000e+04   1.1899000e+04
   3.9571000e+04   2.5419000e+04
   1.4144000e+04   2.9200000e+03
   5.8306000e+04   3.1874000e+04
   2.7433000e+04   3.7232000e+04
   5.5500000e+04   5.1800000e+04
   1.3902000e+04   8.9430000e+03
   4.6938000e+04   1.2180000e+03
   4.8552000e+04   5.1235000e+04
   2.4438000e+04   6.3572000e+04
   1.9691000e+04   5.3982000e+04
   2.9371000e+04   4.6727000e+04
   5.1756000e+04   1.6537000e+04
   4.5107000e+04   7.0450000e+03
   5.9202000e+04   1.0276000e+04
   6.3281000e+04   2.4913000e+04
   1.6046000e+04   5.4329000e+04
