   4.2267000e+04   5.0998000e+04
   1.6949000e+04   1.5719000e+04
   1.1606000e+04   3.7995000e+04
   5.3807000e+04   5.0967000e+04
   2.4159000e+04   4.0630000e+04
   2.9312000e+04   3.4472000e+04
   5.8033000e+04   1.2808000e+04
   2.6712000e+04   8.1380000e+03
   4.5523000e+04   3.6768000e+04
   1.5391000e+04   1.8297000e+04
   5.9642000e+04   4.0969000e+04
   1.1807000e+04   7.9530000e+03
   1.5797000e+04   3.9737000e+04
   5.6500000e+03   3.8840000e+04
   2.8511000e+04   5.2895000e+04
   3.1427000e+04   4.8050000e+03
   2.5936000e+04   1.2230000e+03
   1.7895000e+04   6.3544000e+04
   4.1014000e+04   3.2360000e+04
   1.7027000e+04   1.7362000e+04
   6.0554000e+04   2.1040000e+04
   5.1064000e+04   3.7281000e+04
   1.1078000e+04   3.6276000e+04
   5.1814000e+04   4.3859000e+04
   3.3392000e+04   5.7680000e+04
   4.2968000e+04   3.6682000e+04
   3.9601000e+04   5.2471000e+04
   2.7594000e+04   6.4790000e+04
   3.8905000e+04   3.8100000e+04
   3.6299000e+04   3.6454000e+04
   3.2635000e+04   5.5498000e+04
   4.0462000e+04   2.7320000e+04
   1.0834000e+04   4.7170000e+03
   6.1000000e+04   4.5598000e+04
   2.4078000e+04   1.9208000e+04
   3.5051000e+04   2.3315000e+04
   4.9168000e+04   6.3392000e+04
   3.8789000e+04   3.6107000e+04
   1.2420000e+03   1.5269000e+04
   8.9120000e+03   5.6594000e+04
   4.2203000e+04   5.1345000e+04
   9.8600000e+02   1.4793000e+04
   4.6175000e+04   4.8847000e+04
   6.5450000e+04   4.8964000e+04
   5.2651000e+04   2.7326000e+04
   4.1552000e+04   1.7930000e+04
   6.4577000e+04   2.0799000e+04
   5.4443000e+04   1.0464000e+04
   3.1274000e+04   1.3324000e+04
   1.7352000e+04   4.8748000e+04
   4.5800000e+03   6.8370000e+03
   6.4550000e+03   8.2300000e+02
   9.4170000e+03   3.9270000e+03
   2.1766000e+04   3.8389000e+04
   2.1366000e+04   4.5890000e+03
   4.7893000e+04   4.1136000e+04
   4.7355000e+04   4.7838000e+04
   5.7316000e+04   2.5419000e+04
   4.6485000e+04   2.9200000e+03
   1.7596000e+04   3.1874000e+04
   2.5258000e+04   3.7232000e+04
   4.6270000e+03   3.0880000e+03
   6.4300000e+04   8.9430000e+03
   2.2486000e+04   1.2180000e+03
   2.6029000e+04   5.8083000e+04
   1.4027000e+04   6.3572000e+04
   6.1627000e+04   3.4196000e+04
   1.1176000e+04   4.6727000e+04
   4.9852000e+04   1.6537000e+04
   8.1480000e+03   7.0450000e+03
   6.4772000e+04   1.0276000e+04
   2.6386000e+04   2.4913000e+04
   2.1255000e+04   5.4329000e+04
