   2.3835000e+04   1.0502000e+04
   5.0296000e+04   1.5719000e+04
   2.9212000e+04   3.7995000e+04
   3.0171000e+04   1.3068000e+04
   5.4022000e+04   4.0630000e+04
   3.7751000e+04   3.1230000e+04
   1.0413000e+04   1.2808000e+04
   3.9735000e+04   8.1380000e+03
   2.2980000e+03   3.6768000e+04
   4.4813000e+04   1.8297000e+04
   1.1580000e+04   1.0444000e+04
   4.5459000e+04   7.9530000e+03
   5.6501000e+04   3.9737000e+04
   4.0250000e+04   1.7177000e+04
   1.0940000e+03   5.2895000e+04
   3.5686000e+04   2.9897000e+04
   6.1084000e+04   1.2230000e+03
   1.0187000e+04   6.3544000e+04
   2.6431000e+04   3.2360000e+04
   2.2278000e+04   1.7362000e+04
   6.0652000e+04   1.4562000e+04
   2.4587000e+04   3.7281000e+04
   5.1095000e+04   6.3022000e+04
   5.5647000e+04   4.3859000e+04
   1.8047000e+04   1.2840000e+03
   4.5937000e+04   3.6682000e+04
   1.8644000e+04   5.2471000e+04
   3.5233000e+04   6.4790000e+04
   2.8716000e+04   3.8100000e+04
   6.2614000e+04   3.6454000e+04
   4.4320000e+03   5.5498000e+04
   2.5835000e+04   3.1846000e+04
   8.0560000e+03   4.7170000e+03
   4.8873000e+04   5.2105000e+04
   2.3445000e+04   3.9624000e+04
   5.0410000e+04   5.1390000e+04
   2.0623000e+04   6.3392000e+04
   5.0100000e+02   3.6107000e+04
   1.2325000e+04   1.5269000e+04
   6.3630000e+03   5.6594000e+04
   1.5172000e+04   1.9368000e+04
   1.4830000e+04   1.4793000e+04
   1.6670000e+03   4.8847000e+04
   5.1863000e+04   4.8964000e+04
   5.6605000e+04   2.9276000e+04
   1.9771000e+04   4.0069000e+04
   2.5560000e+04   2.0799000e+04
   4.5307000e+04   3.7453000e+04
   4.0200000e+03   1.3324000e+04
   3.1485000e+04   4.8748000e+04
   1.1076000e+04   5.0022000e+04
   4.5650000e+04   8.2300000e+02
   3.6933000e+04   3.9270000e+03
   5.6470000e+03   3.8389000e+04
   5.5869000e+04   4.5890000e+03
   5.8231000e+04   1.2834000e+04
   5.6011000e+04   2.2927000e+04
   2.1456000e+04   2.5419000e+04
   1.5512000e+04   2.9200000e+03
   6.1735000e+04   3.1874000e+04
   5.2734000e+04   3.7232000e+04
   1.6942000e+04   2.2126000e+04
   6.0850000e+04   8.9430000e+03
   1.9896000e+04   1.2180000e+03
   2.0340000e+04   6.5223000e+04
   4.4108000e+04   6.3572000e+04
   1.0019000e+04   5.9900000e+02
   3.2902000e+04   4.6727000e+04
   4.2984000e+04   1.6537000e+04
   2.2360000e+03   7.0450000e+03
   4.8100000e+03   1.0276000e+04
   5.6257000e+04   2.4913000e+04
   6.5019000e+04   5.4329000e+04
