   5.3400000e+04   5.6562000e+04
   3.4375000e+04   1.5719000e+04
   7.9450000e+03   3.7995000e+04
   1.5060000e+04   6.4894000e+04
   4.9798000e+04   4.0630000e+04
   9.8100000e+03   1.4290000e+03
   4.5430000e+04   1.2808000e+04
   6.3770000e+04   8.1380000e+03
   6.0382000e+04   3.6768000e+04
   6.5400000e+04   1.8297000e+04
   2.9898000e+04   4.7812000e+04
   4.6844000e+04   7.9530000e+03
   5.5330000e+04   3.9737000e+04
   2.9962000e+04   6.1476000e+04
   6.1153000e+04   5.2895000e+04
   3.5687000e+04   1.0404000e+04
   6.3630000e+03   1.2230000e+03
   5.2011000e+04   6.3544000e+04
   4.9471000e+04   3.2360000e+04
   5.9690000e+04   1.7362000e+04
   4.9014000e+04   5.8040000e+04
   5.8917000e+04   3.7281000e+04
   2.8010000e+04   8.9770000e+03
   1.3966000e+04   4.3859000e+04
   2.8486000e+04   1.9084000e+04
   2.9443000e+04   3.6682000e+04
   3.9451000e+04   5.2471000e+04
   1.1125000e+04   6.4790000e+04
   2.8650000e+04   3.8100000e+04
   2.5609000e+04   3.6454000e+04
   5.6034000e+04   5.5498000e+04
   7.6310000e+03   5.1370000e+04
   1.4129000e+04   4.7170000e+03
   1.7156000e+04   6.5620000e+03
   1.2669000e+04   3.7383000e+04
   2.3690000e+04   9.0310000e+03
   4.8375000e+04   6.3392000e+04
   4.8125000e+04   3.6107000e+04
   3.9707000e+04   1.5269000e+04
   3.5900000e+04   5.6594000e+04
   3.8280000e+04   1.1230000e+04
   2.2790000e+03   1.4793000e+04
   3.8880000e+03   4.8847000e+04
   1.6258000e+04   4.8964000e+04
   2.8276000e+04   5.6910000e+03
   4.5257000e+04   2.8492000e+04
   5.4730000e+03   2.0799000e+04
   1.9643000e+04   4.3410000e+03
   1.4740000e+03   1.3324000e+04
   4.5102000e+04   4.8748000e+04
   2.1803000e+04   1.9548000e+04
   5.8214000e+04   8.2300000e+02
   3.4264000e+04   3.9270000e+03
   4.0890000e+04   3.8389000e+04
   3.3136000e+04   4.5890000e+03
   3.8758000e+04   5.6478000e+04
   5.2600000e+04   1.2540000e+03
   5.8999000e+04   2.5419000e+04
   3.8157000e+04   2.9200000e+03
   1.4568000e+04   3.1874000e+04
   5.6227000e+04   3.7232000e+04
   1.1581000e+04   4.4526000e+04
   4.4837000e+04   8.9430000e+03
   3.6940000e+03   1.2180000e+03
   2.3057000e+04   5.8085000e+04
   5.9586000e+04   6.3572000e+04
   9.6140000e+03   1.0434000e+04
   2.7122000e+04   4.6727000e+04
   1.3295000e+04   1.6537000e+04
   4.9255000e+04   7.0450000e+03
   1.3764000e+04   1.0276000e+04
   2.5803000e+04   2.4913000e+04
   1.9902000e+04   5.4329000e+04
