   1.1595000e+04   1.3292000e+04
   4.9466000e+04   1.5719000e+04
   4.0738000e+04   3.7995000e+04
   1.6811000e+04   2.9055000e+04
   5.7320000e+03   4.0630000e+04
   5.9183000e+04   6.1569000e+04
   1.5378000e+04   1.2808000e+04
   6.6730000e+03   8.1380000e+03
   3.8877000e+04   3.6768000e+04
   5.1190000e+04   1.8297000e+04
   1.6021000e+04   5.8777000e+04
   2.8473000e+04   7.9530000e+03
   4.5150000e+04   3.9737000e+04
   4.9588000e+04   3.3009000e+04
   2.5163000e+04   5.2895000e+04
   1.0490000e+04   7.5520000e+03
   3.8414000e+04   1.2230000e+03
   6.0700000e+03   6.3544000e+04
   3.3410000e+03   3.2360000e+04
   3.2762000e+04   1.7362000e+04
   3.6294000e+04   2.2640000e+03
   6.4860000e+04   3.7281000e+04
   5.1761000e+04   1.1172000e+04
   1.8751000e+04   4.3859000e+04
   1.6617000e+04   2.1901000e+04
   5.5469000e+04   3.6682000e+04
   2.5727000e+04   5.2471000e+04
   4.6611000e+04   6.4790000e+04
   9.2770000e+03   3.8100000e+04
   9.6210000e+03   3.6454000e+04
   2.7630000e+03   5.5498000e+04
   5.4927000e+04   4.6500000e+04
   2.1605000e+04   4.7170000e+03
   1.6899000e+04   6.5429000e+04
   5.7855000e+04   1.1361000e+04
   4.2295000e+04   5.7334000e+04
   1.0986000e+04   6.3392000e+04
   5.5329000e+04   3.6107000e+04
   3.2154000e+04   1.5269000e+04
   5.9740000e+04   5.6594000e+04
   6.0159000e+04   8.1720000e+03
   3.5912000e+04   1.4793000e+04
   1.2876000e+04   4.8847000e+04
   1.8382000e+04   4.8964000e+04
   3.4659000e+04   4.8809000e+04
   4.0310000e+04   1.4420000e+04
   6.3923000e+04   2.0799000e+04
   5.4847000e+04   3.7039000e+04
   2.1927000e+04   1.3324000e+04
   4.3930000e+04   4.8748000e+04
   5.1602000e+04   4.6144000e+04
   3.6547000e+04   8.2300000e+02
   1.8244000e+04   3.9270000e+03
   4.1624000e+04   3.8389000e+04
   4.1828000e+04   4.5890000e+03
   3.5143000e+04   5.4482000e+04
   4.8785000e+04   6.4102000e+04
   2.3254000e+04   2.5419000e+04
   3.0623000e+04   2.9200000e+03
   2.4833000e+04   3.1874000e+04
   6.4462000e+04   3.7232000e+04
   6.2990000e+04   2.5869000e+04
   2.7002000e+04   8.9430000e+03
   2.9000000e+01   1.2180000e+03
   5.5087000e+04   2.9154000e+04
   2.4077000e+04   6.3572000e+04
   6.2157000e+04   1.6541000e+04
   1.8450000e+03   4.6727000e+04
   4.9063000e+04   1.6537000e+04
   2.0510000e+04   7.0450000e+03
   5.0420000e+04   1.0276000e+04
   5.0251000e+04   2.4913000e+04
   6.1498000e+04   5.4329000e+04
