   1.7645000e+04   4.1727000e+04
   2.3700000e+02   1.5719000e+04
   1.1010000e+03   3.7995000e+04
   1.1713000e+04   1.7553000e+04
   1.6949000e+04   4.0630000e+04
   9.5830000e+03   5.9610000e+04
   5.1246000e+04   1.2808000e+04
   5.4267000e+04   8.1380000e+03
   1.7900000e+03   3.6768000e+04
   6.8950000e+03   1.8297000e+04
   2.2732000e+04   6.4207000e+04
   4.0440000e+04   7.9530000e+03
   4.9265000e+04   3.9737000e+04
   5.4487000e+04   3.5546000e+04
   7.2440000e+03   5.2895000e+04
   3.7747000e+04   9.3400000e+03
   3.4504000e+04   1.2230000e+03
   1.5178000e+04   6.3544000e+04
   6.0554000e+04   3.2360000e+04
   1.0088000e+04   1.7362000e+04
   3.3165000e+04   2.3822000e+04
   1.7863000e+04   3.7281000e+04
   4.3112000e+04   2.6131000e+04
   4.9120000e+04   4.3859000e+04
   1.6067000e+04   2.2953000e+04
   4.6907000e+04   3.6682000e+04
   5.9938000e+04   5.2471000e+04
   4.0296000e+04   6.4790000e+04
   3.1382000e+04   3.8100000e+04
   4.8351000e+04   3.6454000e+04
   5.7410000e+03   5.5498000e+04
   2.7105000e+04   6.4933000e+04
   4.2149000e+04   4.7170000e+03
   6.6570000e+03   4.2000000e+01
   6.1719000e+04   2.7336000e+04
   1.0414000e+04   6.3434000e+04
   5.3719000e+04   6.3392000e+04
   4.0584000e+04   3.6107000e+04
   2.3165000e+04   1.5269000e+04
   4.0690000e+04   5.6594000e+04
   6.4470000e+03   3.1747000e+04
   4.7735000e+04   1.4793000e+04
   5.6177000e+04   4.8847000e+04
   2.6939000e+04   4.8964000e+04
   6.5440000e+03   1.0870000e+03
   8.4140000e+03   4.3330000e+03
   4.7841000e+04   2.0799000e+04
   1.4476000e+04   1.2988000e+04
   3.0226000e+04   1.3324000e+04
   3.1562000e+04   4.8748000e+04
   7.4220000e+03   5.9900000e+03
   1.1797000e+04   8.2300000e+02
   5.4038000e+04   3.9270000e+03
   2.2288000e+04   3.8389000e+04
   3.9190000e+04   4.5890000e+03
   1.4607000e+04   3.4630000e+03
   5.2551000e+04   4.9728000e+04
   4.2007000e+04   2.5419000e+04
   4.4435000e+04   2.9200000e+03
   7.8470000e+03   3.1874000e+04
   2.1469000e+04   3.7232000e+04
   3.1979000e+04   5.6442000e+04
   6.3917000e+04   8.9430000e+03
   3.9871000e+04   1.2180000e+03
   1.7775000e+04   2.5251000e+04
   2.6015000e+04   6.3572000e+04
   1.6670000e+04   3.4923000e+04
   5.6358000e+04   4.6727000e+04
   3.9080000e+03   1.6537000e+04
   2.4278000e+04   7.0450000e+03
   6.3215000e+04   1.0276000e+04
   6.5343000e+04   2.4913000e+04
   4.9578000e+04   5.4329000e+04
