   5.7657000e+04   2.4110000e+04
   4.6150000e+04   1.5719000e+04
   2.8004000e+04   3.7995000e+04
   5.5877000e+04   3.5441000e+04
   2.6296000e+04   4.0630000e+04
   2.2179000e+04   1.0435000e+04
   2.2517000e+04   1.2808000e+04
   1.6431000e+04   8.1380000e+03
   9.4110000e+03   3.6768000e+04
   1.0797000e+04   1.8297000e+04
   8.5390000e+03   6.0813000e+04
   3.0881000e+04   7.9530000e+03
   5.6818000e+04   3.9737000e+04
   1.2930000e+04   1.8580000e+03
   3.8260000e+03   5.2895000e+04
   2.1786000e+04   2.5191000e+04
   4.0782000e+04   1.2230000e+03
   4.6470000e+03   6.3544000e+04
   2.4351000e+04   3.2360000e+04
   6.5049000e+04   1.7362000e+04
   4.4456000e+04   2.3890000e+03
   3.0696000e+04   3.7281000e+04
   1.2635000e+04   9.4810000e+03
   1.3255000e+04   4.3859000e+04
   3.6072000e+04   6.1640000e+04
   4.8691000e+04   3.6682000e+04
   3.7343000e+04   5.2471000e+04
   4.0477000e+04   6.4790000e+04
   5.3350000e+04   3.8100000e+04
   5.8591000e+04   3.6454000e+04
   2.6550000e+04   5.5498000e+04
   2.7881000e+04   2.3250000e+04
   5.0867000e+04   4.7170000e+03
   4.0536000e+04   2.8904000e+04
   1.9124000e+04   6.0380000e+03
   2.0730000e+04   6.2573000e+04
   9.1260000e+03   6.3392000e+04
   2.3662000e+04   3.6107000e+04
   2.1519000e+04   1.5269000e+04
   6.3543000e+04   5.6594000e+04
   5.3688000e+04   4.7386000e+04
   1.5832000e+04   1.4793000e+04
   3.7774000e+04   4.8847000e+04
   5.0570000e+03   4.8964000e+04
   2.7195000e+04   5.5926000e+04
   1.4928000e+04   3.4627000e+04
   3.1581000e+04   2.0799000e+04
   4.0265000e+04   3.0056000e+04
   1.8774000e+04   1.3324000e+04
   1.3470000e+04   4.8748000e+04
   1.9867000e+04   6.3863000e+04
   6.4753000e+04   8.2300000e+02
   6.2870000e+04   3.9270000e+03
   1.4111000e+04   3.8389000e+04
   4.9325000e+04   4.5890000e+03
   4.8409000e+04   6.5459000e+04
   4.9094000e+04   5.6488000e+04
   2.7114000e+04   2.5419000e+04
   1.8602000e+04   2.9200000e+03
   5.5947000e+04   3.1874000e+04
   4.3192000e+04   3.7232000e+04
   4.1877000e+04   4.3633000e+04
   9.0030000e+03   8.9430000e+03
   6.7980000e+03   1.2180000e+03
   1.9074000e+04   5.2292000e+04
   4.1946000e+04   6.3572000e+04
   5.6713000e+04   5.5122000e+04
   3.2840000e+03   4.6727000e+04
   5.4522000e+04   1.6537000e+04
   3.0450000e+04   7.0450000e+03
   1.9243000e+04   1.0276000e+04
   1.1700000e+03   2.4913000e+04
   3.4840000e+04   5.4329000e+04
