   2.8968000e+04   1.9557000e+04
   6.5009000e+04   1.5719000e+04
   7.0900000e+03   2.4913000e+04
   1.4916000e+04   1.3009000e+04
   2.2931000e+04   4.0630000e+04
   4.7571000e+04   4.8385000e+04
   1.5161000e+04   1.2808000e+04
   5.4917000e+04   8.1380000e+03
   4.0855000e+04   3.6768000e+04
   4.1805000e+04   1.8297000e+04
   2.4068000e+04   5.6369000e+04
   3.6376000e+04   7.9530000e+03
   2.8691000e+04   3.7281000e+04
   1.7827000e+04   3.8984000e+04
   4.8321000e+04   5.2895000e+04
   3.0101000e+04   5.9221000e+04
   1.8128000e+04   1.2230000e+03
   1.1830000e+03   6.3544000e+04
   2.3399000e+04   3.2360000e+04
   1.5515000e+04   5.0974000e+04
   6.7940000e+03   2.0799000e+04
   1.4820000e+04   5.2077000e+04
   2.7741000e+04   1.7362000e+04
   1.9809000e+04   2.8799000e+04
   5.7074000e+04   3.6682000e+04
   2.9370000e+04   5.2471000e+04
   3.7337000e+04   3.7995000e+04
   5.8393000e+04   3.8100000e+04
   4.5053000e+04   3.6454000e+04
   1.3407000e+04   5.5498000e+04
   9.5530000e+03   3.5620000e+03
   4.8959000e+04   4.7170000e+03
   2.3189000e+04   6.4567000e+04
   2.4891000e+04   7.5670000e+03
   8.3480000e+03   8.9680000e+03
   6.1260000e+04   6.3392000e+04
   3.5003000e+04   4.8847000e+04
   3.1601000e+04   1.5269000e+04
   5.9518000e+04   5.6594000e+04
   8.5610000e+03   3.8068000e+04
   2.1320000e+03   1.4793000e+04
   5.1533000e+04   4.3859000e+04
   4.7762000e+04   4.8964000e+04
   8.6910000e+03   4.8588000e+04
   4.4563000e+04   1.8354000e+04
   1.3027000e+04   6.4790000e+04
   2.5785000e+04   4.9585000e+04
   3.2843000e+04   1.3324000e+04
   5.3200000e+04   4.8748000e+04
   2.0797000e+04   6.0771000e+04
   2.1032000e+04   8.2300000e+02
   1.1239000e+04   3.9270000e+03
   5.5192000e+04   3.8389000e+04
   3.2269000e+04   3.1874000e+04
   4.2692000e+04   1.5645000e+04
   1.1485000e+04   2.9025000e+04
   3.7266000e+04   2.5419000e+04
   5.6821000e+04   2.9200000e+03
   3.0658000e+04   3.9737000e+04
   2.3497000e+04   3.7232000e+04
   3.4054000e+04   2.2722000e+04
   5.0600000e+02   8.9430000e+03
   6.4218000e+04   4.5890000e+03
   4.5444000e+04   5.1879000e+04
   2.4326000e+04   6.3572000e+04
   4.2325000e+04   4.1997000e+04
   1.3209000e+04   4.6727000e+04
   4.4205000e+04   1.6537000e+04
   4.5081000e+04   7.0450000e+03
   3.4157000e+04   1.0276000e+04
   3.7554000e+04   3.6107000e+04
   3.6712000e+04   5.4329000e+04
