   2.6747000e+04   5.9606000e+04
   9.3940000e+03   1.5719000e+04
   8.9910000e+03   3.7995000e+04
   3.6954000e+04   5.9238000e+04
   2.2341000e+04   4.0630000e+04
   1.1939000e+04   3.0187000e+04
   5.8753000e+04   1.2808000e+04
   3.3589000e+04   8.1380000e+03
   4.7198000e+04   3.6768000e+04
   3.7377000e+04   1.8297000e+04
   1.8668000e+04   6.5690000e+03
   3.0194000e+04   7.9530000e+03
   4.3053000e+04   3.9737000e+04
   8.4940000e+03   2.6880000e+04
   1.4810000e+04   5.2895000e+04
   2.1806000e+04   2.2340000e+04
   1.6244000e+04   1.2230000e+03
   4.3471000e+04   6.3544000e+04
   2.0594000e+04   3.2360000e+04
   4.4031000e+04   1.7362000e+04
   1.6116000e+04   1.2991000e+04
   5.3543000e+04   3.7281000e+04
   4.5767000e+04   3.6810000e+04
   2.3536000e+04   4.3859000e+04
   1.2557000e+04   5.3089000e+04
   2.7507000e+04   3.6682000e+04
   3.2759000e+04   5.2471000e+04
   3.9766000e+04   6.4790000e+04
   3.5716000e+04   3.8100000e+04
   5.4754000e+04   3.6454000e+04
   2.6170000e+04   5.5498000e+04
   6.0657000e+04   1.9616000e+04
   1.7461000e+04   4.7170000e+03
   2.6292000e+04   3.0652000e+04
   1.5564000e+04   5.9547000e+04
   3.0826000e+04   1.2500000e+04
   6.3351000e+04   6.3392000e+04
   5.6503000e+04   3.6107000e+04
   4.3180000e+04   1.5269000e+04
   5.2872000e+04   5.6594000e+04
   2.6244000e+04   3.8250000e+04
   4.7900000e+04   1.4793000e+04
   5.3256000e+04   4.8847000e+04
   4.2334000e+04   4.8964000e+04
   2.0229000e+04   5.6196000e+04
   4.0217000e+04   6.3821000e+04
   5.4695000e+04   2.0799000e+04
   2.6860000e+04   1.9001000e+04
   5.6406000e+04   1.3324000e+04
   3.9860000e+04   4.8748000e+04
   1.8620000e+04   4.2520000e+04
   7.6380000e+03   8.2300000e+02
   5.2031000e+04   3.9270000e+03
   3.5115000e+04   3.8389000e+04
   9.1530000e+03   4.5890000e+03
   2.2959000e+04   1.9926000e+04
   2.9445000e+04   3.6440000e+03
   4.7422000e+04   2.5419000e+04
   3.3011000e+04   2.9200000e+03
   6.3423000e+04   3.1874000e+04
   3.3821000e+04   3.7232000e+04
   6.4940000e+03   6.4991000e+04
   4.8536000e+04   8.9430000e+03
   4.7985000e+04   1.2180000e+03
   3.7526000e+04   3.3521000e+04
   6.5053000e+04   6.3572000e+04
   1.6898000e+04   4.2861000e+04
   5.5183000e+04   4.6727000e+04
   3.7301000e+04   1.6537000e+04
   4.9756000e+04   7.0450000e+03
   5.7720000e+03   1.0276000e+04
   6.9930000e+03   2.4913000e+04
   1.2276000e+04   5.4329000e+04
