   4.5367000e+04   2.9234000e+04
   5.8644000e+04   1.5719000e+04
   5.0531000e+04   3.7995000e+04
   3.8644000e+04   3.1000000e+04
   4.8120000e+04   4.0630000e+04
   2.3140000e+04   1.3180000e+04
   5.6525000e+04   1.2808000e+04
   6.5298000e+04   8.1380000e+03
   1.5476000e+04   3.6768000e+04
   2.3264000e+04   1.8297000e+04
   5.8180000e+04   5.0600000e+02
   1.7416000e+04   7.9530000e+03
   5.1404000e+04   3.9737000e+04
   5.7971000e+04   5.7729000e+04
   2.8710000e+04   5.2895000e+04
   3.2259000e+04   4.6255000e+04
   1.3270000e+04   1.2230000e+03
   5.7706000e+04   6.3544000e+04
   1.8085000e+04   3.2360000e+04
   1.0480000e+03   1.7362000e+04
   3.8484000e+04   3.0968000e+04
   5.3513000e+04   3.7281000e+04
   3.0276000e+04   8.4300000e+02
   1.7219000e+04   4.3859000e+04
   1.5810000e+04   2.0525000e+04
   6.2024000e+04   3.6682000e+04
   2.7783000e+04   5.2471000e+04
   1.7732000e+04   6.4790000e+04
   6.2364000e+04   3.8100000e+04
   2.1631000e+04   3.6454000e+04
   6.2578000e+04   5.5498000e+04
   3.8300000e+04   3.8834000e+04
   4.4085000e+04   4.7170000e+03
   1.2068000e+04   8.4920000e+03
   1.1665000e+04   6.9650000e+03
   3.8153000e+04   3.0613000e+04
   8.3780000e+03   6.3392000e+04
   4.4792000e+04   3.6107000e+04
   4.5993000e+04   1.5269000e+04
   4.0058000e+04   5.6594000e+04
   5.6757000e+04   1.4748000e+04
   4.3340000e+03   1.4793000e+04
   1.1250000e+03   4.8847000e+04
   9.0760000e+03   4.8964000e+04
   3.0372000e+04   1.6430000e+04
   4.3399000e+04   3.7706000e+04
   3.1944000e+04   2.0799000e+04
   2.3413000e+04   6.2415000e+04
   6.2968000e+04   1.3324000e+04
   5.0095000e+04   4.8748000e+04
   2.4893000e+04   5.5661000e+04
   3.2498000e+04   8.2300000e+02
   1.0894000e+04   3.9270000e+03
   1.3300000e+03   3.8389000e+04
   5.2350000e+04   4.5890000e+03
   7.7300000e+03   3.1760000e+03
   5.2068000e+04   1.4991000e+04
   2.9507000e+04   2.5419000e+04
   5.1783000e+04   2.9200000e+03
   6.1779000e+04   3.1874000e+04
   2.1021000e+04   3.7232000e+04
   1.1615000e+04   3.8438000e+04
   5.3922000e+04   8.9430000e+03
   4.9810000e+04   1.2180000e+03
   2.2993000e+04   3.4945000e+04
   4.1560000e+03   6.3572000e+04
   3.3199000e+04   2.2092000e+04
   3.3736000e+04   4.6727000e+04
   4.8330000e+03   1.6537000e+04
   3.4891000e+04   7.0450000e+03
   3.5190000e+03   1.0276000e+04
   1.8625000e+04   2.4913000e+04
   2.5851000e+04   5.4329000e+04
