   2.5950000e+04   2.3295000e+04
   4.5983000e+04   4.0630000e+04
   6.9280000e+03   3.6107000e+04
   5.9089000e+04   8.1380000e+03
   3.1396000e+04   1.0276000e+04
   4.2479000e+04   4.1120000e+03
   1.9740000e+03   6.3572000e+04
   6.4053000e+04   3.8389000e+04
   1.2476000e+04   5.2471000e+04
   1.9405000e+04   6.3544000e+04
   5.9798000e+04   4.3448000e+04
   2.3582000e+04   7.0450000e+03
   1.9796000e+04   2.0799000e+04
   5.6097000e+04   4.9274000e+04
   9.9740000e+03   5.6594000e+04
   1.9710000e+04   2.7029000e+04
   5.8371000e+04   1.5269000e+04
   8.7930000e+03   1.2230000e+03
   2.0599000e+04   5.4329000e+04
   3.1915000e+04   4.5186000e+04
   6.5273000e+04   6.4790000e+04
   4.9271000e+04   3.4258000e+04
   1.1078000e+04   3.6276000e+04
   5.8549000e+04   4.7170000e+03
   4.7954000e+04   5.2895000e+04
   5.1595000e+04   2.4913000e+04
   4.0912000e+04   5.5498000e+04
   6.6570000e+03   3.9270000e+03
   3.9690000e+04   3.2360000e+04
   3.3556000e+04   5.0631000e+04
   2.5990000e+03   3.7232000e+04
   2.7144000e+04   1.8297000e+04
   4.6820000e+04   6.4648000e+04
   2.8989000e+04   7.2670000e+03
   4.4230000e+04   1.3324000e+04
   2.7602000e+04   4.3859000e+04
   1.5336000e+04   2.5419000e+04
   4.0982000e+04   3.6454000e+04
   2.9104000e+04   4.3335000e+04
   3.5542000e+04   3.6682000e+04
   5.8255000e+04   1.7362000e+04
   4.9732000e+04   8.9430000e+03
   2.1123000e+04   1.0778000e+04
   4.4561000e+04   6.2240000e+04
   1.3911000e+04   3.7995000e+04
   4.3337000e+04   3.3968000e+04
   1.2395000e+04   4.8748000e+04
   4.3096000e+04   3.8100000e+04
   2.1919000e+04   4.8496000e+04
   4.1862000e+04   6.3392000e+04
   5.4892000e+04   2.9200000e+03
   8.6040000e+03   3.6768000e+04
   6.4386000e+04   3.9737000e+04
   2.0034000e+04   4.2368000e+04
   2.6860000e+04   1.9001000e+04
   7.4890000e+03   4.8964000e+04
   7.2560000e+03   1.4793000e+04
   5.4529000e+04   3.7281000e+04
   1.1460000e+03   1.6537000e+04
   2.5999000e+04   3.4517000e+04
   1.8140000e+04   7.9530000e+03
   6.0404000e+04   3.1874000e+04
   5.7797000e+04   5.2118000e+04
   2.7754000e+04   1.5719000e+04
   3.7261000e+04   5.4072000e+04
   3.4891000e+04   8.2300000e+02
   4.5443000e+04   1.2808000e+04
   3.4390000e+03   4.6727000e+04
   4.1208000e+04   4.5890000e+03
   8.1300000e+03   4.8847000e+04
   2.9110000e+03   1.2180000e+03
