   9.3730000e+03   5.7763000e+04
   2.2449000e+04   1.5719000e+04
   2.6476000e+04   3.7995000e+04
   2.7838000e+04   7.4000000e+03
   4.6813000e+04   4.0630000e+04
   1.7781000e+04   5.0736000e+04
   3.4643000e+04   1.2808000e+04
   6.5404000e+04   8.1380000e+03
   6.3862000e+04   3.6768000e+04
   2.6612000e+04   1.8297000e+04
   5.8798000e+04   2.6116000e+04
   1.0806000e+04   7.9530000e+03
   9.1440000e+03   3.9737000e+04
   5.4836000e+04   6.1258000e+04
   2.3150000e+04   5.2895000e+04
   5.0603000e+04   2.0928000e+04
   3.2630000e+03   1.2230000e+03
   3.9263000e+04   6.3544000e+04
   5.0446000e+04   3.2360000e+04
   4.1046000e+04   1.7362000e+04
   4.5291000e+04   6.3720000e+03
   4.8227000e+04   3.7281000e+04
   2.3942000e+04   1.8120000e+03
   3.4421000e+04   4.3859000e+04
   5.6606000e+04   1.2230000e+03
   3.2454000e+04   3.6682000e+04
   3.7660000e+03   5.2471000e+04
   4.6027000e+04   6.4790000e+04
   2.8440000e+03   3.8100000e+04
   6.0161000e+04   3.6454000e+04
   3.3620000e+03   5.5498000e+04
   5.7710000e+04   5.7234000e+04
   1.6540000e+03   4.7170000e+03
   3.6104000e+04   4.9425000e+04
   2.4086000e+04   1.1250000e+03
   1.2396000e+04   4.4532000e+04
   3.3731000e+04   6.3392000e+04
   1.0010000e+04   3.6107000e+04
   4.7433000e+04   1.5269000e+04
   2.5361000e+04   5.6594000e+04
   4.8617000e+04   2.5943000e+04
   5.3530000e+03   1.4793000e+04
   1.0471000e+04   4.8847000e+04
   1.9239000e+04   4.8964000e+04
   2.5691000e+04   5.2549000e+04
   5.5822000e+04   6.7770000e+03
   3.5831000e+04   2.0799000e+04
   3.5368000e+04   3.6231000e+04
   6.3612000e+04   1.3324000e+04
   4.3539000e+04   4.8748000e+04
   1.0676000e+04   6.2035000e+04
   4.8983000e+04   8.2300000e+02
   1.6909000e+04   3.9270000e+03
   5.6295000e+04   3.8389000e+04
   1.4952000e+04   4.5890000e+03
   2.9095000e+04   9.1490000e+03
   1.9628000e+04   3.5482000e+04
   2.1528000e+04   2.5419000e+04
   2.4863000e+04   2.9200000e+03
   6.1398000e+04   3.1874000e+04
   5.3935000e+04   3.7232000e+04
   5.8963000e+04   1.1173000e+04
   3.9786000e+04   8.9430000e+03
   5.5210000e+03   1.2180000e+03
   5.5613000e+04   2.2146000e+04
   6.4083000e+04   6.3572000e+04
   1.9547000e+04   2.4765000e+04
   7.2140000e+03   4.6727000e+04
   1.8403000e+04   1.6537000e+04
   3.5215000e+04   7.0450000e+03
   5.5372000e+04   1.0276000e+04
   6.2692000e+04   2.4913000e+04
   3.7329000e+04   5.4329000e+04
