   4.0185000e+04   3.6892000e+04
   7.1730000e+03   1.5719000e+04
   3.0909000e+04   3.7995000e+04
   5.6069000e+04   1.0436000e+04
   6.2269000e+04   4.0630000e+04
   3.5261000e+04   1.3730000e+03
   1.0984000e+04   1.2808000e+04
   3.3624000e+04   8.1380000e+03
   5.9454000e+04   3.6768000e+04
   4.5125000e+04   1.8297000e+04
   2.5948000e+04   4.0670000e+03
   1.1824000e+04   7.9530000e+03
   6.5394000e+04   3.9737000e+04
   2.5300000e+04   6.4130000e+04
   3.6494000e+04   5.2895000e+04
   4.0774000e+04   2.5916000e+04
   3.8071000e+04   1.2230000e+03
   1.9659000e+04   6.3544000e+04
   2.5856000e+04   3.2360000e+04
   2.5500000e+02   1.7362000e+04
   3.3247000e+04   4.0309000e+04
   2.7416000e+04   3.7281000e+04
   5.1432000e+04   3.6796000e+04
   4.6064000e+04   4.3859000e+04
   3.0340000e+04   1.5300000e+02
   9.7060000e+03   3.6682000e+04
   5.2926000e+04   5.2471000e+04
   3.4820000e+04   6.4790000e+04
   2.1586000e+04   3.8100000e+04
   4.6272000e+04   3.6454000e+04
   7.5820000e+03   5.5498000e+04
   1.7903000e+04   1.8083000e+04
   6.4300000e+03   4.7170000e+03
   4.7497000e+04   2.1551000e+04
   2.0877000e+04   2.6690000e+03
   5.7578000e+04   8.6770000e+03
   4.2299000e+04   6.3392000e+04
   5.4406000e+04   3.6107000e+04
   1.8330000e+03   1.5269000e+04
   3.7720000e+03   5.6594000e+04
   5.9706000e+04   3.9947000e+04
   2.0423000e+04   1.4793000e+04
   1.2694000e+04   4.8847000e+04
   5.4211000e+04   4.8964000e+04
   3.3331000e+04   4.9391000e+04
   2.3204000e+04   5.5252000e+04
   4.9771000e+04   2.0799000e+04
   3.1035000e+04   3.2583000e+04
   2.0380000e+03   1.3324000e+04
   2.4705000e+04   4.8748000e+04
   4.3257000e+04   5.5430000e+04
   6.1599000e+04   8.2300000e+02
   3.1093000e+04   3.9270000e+03
   2.1980000e+03   3.8389000e+04
   4.5526000e+04   4.5890000e+03
   5.4133000e+04   4.5155000e+04
   4.9465000e+04   2.5544000e+04
   1.5227000e+04   2.5419000e+04
   5.1860000e+03   2.9200000e+03
   2.5440000e+03   3.1874000e+04
   1.5434000e+04   3.7232000e+04
   3.1493000e+04   4.5143000e+04
   2.3408000e+04   8.9430000e+03
   5.1243000e+04   1.2180000e+03
   5.6634000e+04   4.3372000e+04
   5.8054000e+04   6.3572000e+04
   4.7957000e+04   5.0113000e+04
   4.2706000e+04   4.6727000e+04
   2.6697000e+04   1.6537000e+04
   2.6599000e+04   7.0450000e+03
   2.6020000e+04   1.0276000e+04
   6.2863000e+04   2.4913000e+04
   5.6824000e+04   5.4329000e+04
