   4.8264000e+04   6.1043000e+04
   2.6642000e+04   1.5719000e+04
   1.1420000e+04   3.7995000e+04
   4.7527000e+04   4.6465000e+04
   3.5102000e+04   4.0630000e+04
   4.7431000e+04   6.2049000e+04
   4.0445000e+04   1.2808000e+04
   2.5375000e+04   8.1380000e+03
   1.1082000e+04   3.6768000e+04
   2.8680000e+03   1.8297000e+04
   4.2169000e+04   4.4370000e+04
   1.4100000e+04   7.9530000e+03
   1.8976000e+04   3.9737000e+04
   1.1615000e+04   3.8438000e+04
   2.4547000e+04   5.2895000e+04
   3.3526000e+04   1.2459000e+04
   1.9817000e+04   1.2230000e+03
   6.4817000e+04   6.3544000e+04
   1.1500000e+03   3.2360000e+04
   4.1536000e+04   1.7362000e+04
   1.8882000e+04   5.3667000e+04
   4.4740000e+04   3.7281000e+04
   2.0685000e+04   5.7908000e+04
   6.4660000e+04   4.3859000e+04
   3.9671000e+04   3.9834000e+04
   2.8998000e+04   3.6682000e+04
   9.1530000e+03   5.2471000e+04
   6.0630000e+04   6.4790000e+04
   5.0198000e+04   3.8100000e+04
   4.3386000e+04   3.6454000e+04
   5.2053000e+04   5.5498000e+04
   3.2373000e+04   5.0651000e+04
   5.5647000e+04   4.7170000e+03
   4.6586000e+04   2.6710000e+03
   2.0068000e+04   5.7440000e+04
   4.5193000e+04   2.1231000e+04
   1.4943000e+04   6.3392000e+04
   5.3001000e+04   3.6107000e+04
   5.3970000e+03   1.5269000e+04
   2.8054000e+04   5.6594000e+04
   5.3928000e+04   1.4754000e+04
   4.6035000e+04   1.4793000e+04
   2.3410000e+04   4.8847000e+04
   6.5101000e+04   4.8964000e+04
   5.9838000e+04   5.5574000e+04
   5.3433000e+04   3.2630000e+04
   6.2386000e+04   2.0799000e+04
   3.6598000e+04   2.1270000e+04
   5.8390000e+04   1.3324000e+04
   3.6297000e+04   4.8748000e+04
   3.0875000e+04   2.3853000e+04
   1.8454000e+04   8.2300000e+02
   5.9152000e+04   3.9270000e+03
   8.9340000e+03   3.8389000e+04
   3.3695000e+04   4.5890000e+03
   4.7879000e+04   3.2317000e+04
   5.0408000e+04   1.4373000e+04
   6.7600000e+03   2.5419000e+04
   2.8519000e+04   2.9200000e+03
   1.2949000e+04   3.1874000e+04
   3.6948000e+04   3.7232000e+04
   1.1714000e+04   1.6350000e+03
   2.3834000e+04   8.9430000e+03
   5.5549000e+04   1.2180000e+03
   4.9400000e+04   6.4110000e+04
   5.5751000e+04   6.3572000e+04
   2.8229000e+04   1.8133000e+04
   1.4558000e+04   4.6727000e+04
   3.0610000e+03   1.6537000e+04
   3.5490000e+03   7.0450000e+03
   6.3200000e+02   1.0276000e+04
   4.0789000e+04   2.4913000e+04
   2.5063000e+04   5.4329000e+04
