   6.0569000e+04   2.4869000e+04
   3.7187000e+04   1.5719000e+04
   6.2437000e+04   3.7995000e+04
   5.2934000e+04   2.3047000e+04
   4.2060000e+03   4.0630000e+04
   5.8118000e+04   3.5480000e+03
   5.5095000e+04   1.2808000e+04
   2.7679000e+04   8.1380000e+03
   1.7154000e+04   3.6768000e+04
   2.0648000e+04   1.8297000e+04
   3.7084000e+04   4.4727000e+04
   6.4966000e+04   7.9530000e+03
   1.5335000e+04   3.9737000e+04
   1.7921000e+04   4.9316000e+04
   4.8708000e+04   5.2895000e+04
   3.4093000e+04   3.4332000e+04
   3.2711000e+04   1.2230000e+03
   3.2395000e+04   6.3544000e+04
   6.4317000e+04   3.2360000e+04
   2.9355000e+04   1.7362000e+04
   3.2306000e+04   1.8492000e+04
   3.2879000e+04   3.7281000e+04
   3.3182000e+04   3.3553000e+04
   2.2515000e+04   4.3859000e+04
   2.5885000e+04   1.1974000e+04
   4.7439000e+04   3.6682000e+04
   4.5181000e+04   5.2471000e+04
   1.2125000e+04   6.4790000e+04
   1.4977000e+04   3.8100000e+04
   1.2010000e+03   3.6454000e+04
   5.1036000e+04   5.5498000e+04
   2.8924000e+04   2.8295000e+04
   1.2745000e+04   4.7170000e+03
   6.2058000e+04   1.2822000e+04
   3.1980000e+04   7.4260000e+03
   5.6474000e+04   5.1461000e+04
   1.1008000e+04   6.3392000e+04
   3.5650000e+03   3.6107000e+04
   3.9701000e+04   1.5269000e+04
   5.2839000e+04   5.6594000e+04
   3.1475000e+04   3.8481000e+04
   5.1118000e+04   1.4793000e+04
   7.4940000e+03   4.8847000e+04
   9.8800000e+03   4.8964000e+04
   5.6570000e+04   6.4020000e+03
   2.2894000e+04   5.8088000e+04
   5.1293000e+04   2.0799000e+04
   4.3227000e+04   8.9870000e+03
   3.7924000e+04   1.3324000e+04
   5.2505000e+04   4.8748000e+04
   4.0156000e+04   3.1290000e+03
   5.3590000e+03   8.2300000e+02
   1.2492000e+04   3.9270000e+03
   9.7410000e+03   3.8389000e+04
   4.0930000e+04   4.5890000e+03
   3.0079000e+04   2.5881000e+04
   2.3236000e+04   3.7607000e+04
   5.6630000e+04   2.5419000e+04
   6.1826000e+04   2.9200000e+03
   6.3214000e+04   3.1874000e+04
   6.5444000e+04   3.7232000e+04
   4.2677000e+04   5.8506000e+04
   2.8594000e+04   8.9430000e+03
   2.8790000e+03   1.2180000e+03
   3.6353000e+04   5.8000000e+01
   1.1577000e+04   6.3572000e+04
   4.5797000e+04   2.6319000e+04
   2.0501000e+04   4.6727000e+04
   4.6077000e+04   1.6537000e+04
   9.4750000e+03   7.0450000e+03
   5.8923000e+04   1.0276000e+04
   6.1679000e+04   2.4913000e+04
   6.4718000e+04   5.4329000e+04
