   2.8921000e+04   4.7793000e+04
   3.5940000e+03   1.5719000e+04
   5.3189000e+04   3.7995000e+04
   2.7205000e+04   6.2699000e+04
   1.8559000e+04   4.0630000e+04
   8.7230000e+03   1.7298000e+04
   1.5139000e+04   1.2808000e+04
   3.0433000e+04   8.1380000e+03
   6.0819000e+04   3.6768000e+04
   6.4968000e+04   1.8297000e+04
   1.0475000e+04   2.9628000e+04
   5.4340000e+03   7.9530000e+03
   2.0251000e+04   3.9737000e+04
   1.7756000e+04   1.0452000e+04
   4.8234000e+04   5.2895000e+04
   4.0121000e+04   5.7175000e+04
   3.6732000e+04   1.2230000e+03
   4.9602000e+04   6.3544000e+04
   4.2095000e+04   3.2360000e+04
   5.4438000e+04   1.7362000e+04
   5.4881000e+04   2.9360000e+04
   6.2671000e+04   3.7281000e+04
   6.0095000e+04   1.2909000e+04
   4.6046000e+04   4.3859000e+04
   4.9940000e+04   3.9391000e+04
   2.9336000e+04   3.6682000e+04
   1.7085000e+04   5.2471000e+04
   2.5361000e+04   6.4790000e+04
   2.9300000e+02   3.8100000e+04
   2.7573000e+04   3.6454000e+04
   2.3602000e+04   5.5498000e+04
   4.1747000e+04   1.9260000e+04
   6.2371000e+04   4.7170000e+03
   3.4501000e+04   3.8700000e+03
   4.5810000e+04   6.0141000e+04
   1.7594000e+04   6.2402000e+04
   5.4105000e+04   6.3392000e+04
   1.7750000e+03   3.6107000e+04
   6.1263000e+04   1.5269000e+04
   5.7610000e+03   5.6594000e+04
   2.7074000e+04   4.2300000e+04
   3.3926000e+04   1.4793000e+04
   3.6851000e+04   4.8847000e+04
   2.7767000e+04   4.8964000e+04
   3.0229000e+04   6.2931000e+04
   2.5929000e+04   6.1852000e+04
   5.4313000e+04   2.0799000e+04
   4.3242000e+04   4.6750000e+04
   7.9200000e+03   1.3324000e+04
   2.4287000e+04   4.8748000e+04
   9.7960000e+03   1.0245000e+04
   4.8492000e+04   8.2300000e+02
   2.0065000e+04   3.9270000e+03
   3.5319000e+04   3.8389000e+04
   3.6266000e+04   4.5890000e+03
   5.1435000e+04   3.7669000e+04
   4.0517000e+04   5.5755000e+04
   4.9732000e+04   2.5419000e+04
   4.3883000e+04   2.9200000e+03
   6.2485000e+04   3.1874000e+04
   4.7401000e+04   3.7232000e+04
   1.3710000e+04   4.7836000e+04
   6.5258000e+04   8.9430000e+03
   6.5130000e+04   1.2180000e+03
   1.2787000e+04   1.8957000e+04
   9.0370000e+03   6.3572000e+04
   1.6817000e+04   6.1043000e+04
   1.6935000e+04   4.6727000e+04
   6.2762000e+04   1.6537000e+04
   1.8366000e+04   7.0450000e+03
   4.7119000e+04   1.0276000e+04
   3.0520000e+04   2.4913000e+04
   1.3202000e+04   5.4329000e+04
