   3.2999000e+04   3.2691000e+04
   1.6275000e+04   1.5719000e+04
   4.3329000e+04   3.7995000e+04
   1.8133000e+04   1.3985000e+04
   5.5790000e+04   4.0630000e+04
   1.8948000e+04   1.5172000e+04
   1.8270000e+04   1.2808000e+04
   4.0848000e+04   8.1380000e+03
   1.0975000e+04   3.6768000e+04
   5.6040000e+04   1.8297000e+04
   7.3740000e+03   3.0724000e+04
   6.4949000e+04   7.9530000e+03
   1.0181000e+04   3.9737000e+04
   3.7047000e+04   4.8850000e+03
   5.6413000e+04   5.2895000e+04
   1.8852000e+04   5.7691000e+04
   5.9386000e+04   1.2230000e+03
   6.0829000e+04   6.3544000e+04
   2.5454000e+04   3.2360000e+04
   3.9980000e+04   1.7362000e+04
   6.2048000e+04   3.9918000e+04
   3.6349000e+04   3.7281000e+04
   2.8084000e+04   1.0930000e+04
   5.0153000e+04   4.3859000e+04
   5.5635000e+04   4.8251000e+04
   1.1580000e+03   3.6682000e+04
   3.8160000e+04   5.2471000e+04
   4.5041000e+04   6.4790000e+04
   1.4996000e+04   3.8100000e+04
   3.1854000e+04   3.6454000e+04
   4.3226000e+04   5.5498000e+04
   2.2818000e+04   1.3058000e+04
   2.2246000e+04   4.7170000e+03
   1.2740000e+04   5.2634000e+04
   1.2561000e+04   4.7018000e+04
   1.2444000e+04   4.4216000e+04
   1.5725000e+04   6.3392000e+04
   6.5522000e+04   3.6107000e+04
   3.5474000e+04   1.5269000e+04
   2.2584000e+04   5.6594000e+04
   1.1586000e+04   4.0745000e+04
   3.8716000e+04   1.4793000e+04
   3.3190000e+04   4.8847000e+04
   6.4393000e+04   4.8964000e+04
   2.7220000e+04   6.4607000e+04
   3.7622000e+04   5.3912000e+04
   4.0564000e+04   2.0799000e+04
   3.1477000e+04   2.6792000e+04
   5.5097000e+04   1.3324000e+04
   2.3693000e+04   4.8748000e+04
   2.7899000e+04   5.6179000e+04
   6.0570000e+03   8.2300000e+02
   6.3697000e+04   3.9270000e+03
   5.9428000e+04   3.8389000e+04
   2.9050000e+04   4.5890000e+03
   5.2643000e+04   4.8698000e+04
   4.5797000e+04   2.6319000e+04
   4.8252000e+04   2.5419000e+04
   4.8731000e+04   2.9200000e+03
   2.8690000e+03   3.1874000e+04
   4.5533000e+04   3.7232000e+04
   2.2799000e+04   1.3858000e+04
   1.0834000e+04   8.9430000e+03
   3.0642000e+04   1.2180000e+03
   6.2991000e+04   4.1212000e+04
   3.0381000e+04   6.3572000e+04
   5.3508000e+04   2.9438000e+04
   2.1400000e+04   4.6727000e+04
   2.9493000e+04   1.6537000e+04
   1.7566000e+04   7.0450000e+03
   5.1919000e+04   1.0276000e+04
   3.8251000e+04   2.4913000e+04
   4.4690000e+03   5.4329000e+04
