   4.2367000e+04   3.3270000e+04
   6.4712000e+04   1.5719000e+04
   2.3147000e+04   3.7995000e+04
   3.4369000e+04   2.9937000e+04
   2.0930000e+03   4.0630000e+04
   4.6671000e+04   5.7534000e+04
   1.1203000e+04   1.2808000e+04
   3.0549000e+04   8.1380000e+03
   1.7967000e+04   3.6768000e+04
   5.0226000e+04   1.8297000e+04
   1.1449000e+04   3.7039000e+04
   1.8263000e+04   7.9530000e+03
   6.8720000e+03   3.9737000e+04
   3.4178000e+04   6.1518000e+04
   4.1591000e+04   5.2895000e+04
   3.6448000e+04   1.2690000e+03
   4.4812000e+04   1.2230000e+03
   3.4572000e+04   6.3544000e+04
   4.9350000e+03   3.2360000e+04
   5.8404000e+04   1.7362000e+04
   5.4960000e+04   5.9683000e+04
   2.8220000e+04   3.7281000e+04
   5.2896000e+04   4.9238000e+04
   4.7787000e+04   4.3859000e+04
   2.4068000e+04   5.6369000e+04
   1.2653000e+04   3.6682000e+04
   5.1190000e+03   5.2471000e+04
   6.1971000e+04   6.4790000e+04
   5.9018000e+04   3.8100000e+04
   4.4110000e+04   3.6454000e+04
   6.1722000e+04   5.5498000e+04
   4.0449000e+04   2.6852000e+04
   6.4259000e+04   4.7170000e+03
   2.2211000e+04   6.0353000e+04
   4.9663000e+04   4.9977000e+04
   1.8666000e+04   4.1200000e+03
   4.6230000e+04   6.3392000e+04
   5.8149000e+04   3.6107000e+04
   3.7320000e+03   1.5269000e+04
   5.4621000e+04   5.6594000e+04
   2.6052000e+04   4.0288000e+04
   1.4047000e+04   1.4793000e+04
   1.4220000e+04   4.8847000e+04
   5.7060000e+03   4.8964000e+04
   1.2585000e+04   5.0996000e+04
   3.1042000e+04   3.0130000e+04
   6.3850000e+04   2.0799000e+04
   8.3770000e+03   6.3042000e+04
   1.7807000e+04   1.3324000e+04
   3.2241000e+04   4.8748000e+04
   4.9566000e+04   4.7885000e+04
   5.1432000e+04   8.2300000e+02
   5.3230000e+04   3.9270000e+03
   1.0300000e+02   3.8389000e+04
   3.0393000e+04   4.5890000e+03
   2.8274000e+04   3.7233000e+04
   3.8607000e+04   3.6570000e+04
   2.4370000e+04   2.5419000e+04
   1.9860000e+03   2.9200000e+03
   1.9449000e+04   3.1874000e+04
   9.2320000e+03   3.7232000e+04
   8.6160000e+03   2.1651000e+04
   1.7015000e+04   8.9430000e+03
   3.9733000e+04   1.2180000e+03
   5.0735000e+04   4.3629000e+04
   3.4940000e+04   6.3572000e+04
   5.2671000e+04   3.1295000e+04
   5.8801000e+04   4.6727000e+04
   3.8955000e+04   1.6537000e+04
   5.0065000e+04   7.0450000e+03
   4.4250000e+03   1.0276000e+04
   3.8276000e+04   2.4913000e+04
   5.0479000e+04   5.4329000e+04
