   2.2763000e+04   9.9670000e+03
   3.7317000e+04   1.5719000e+04
   4.1926000e+04   3.7995000e+04
   4.0441000e+04   5.0733000e+04
   5.5214000e+04   4.0630000e+04
   3.6598000e+04   2.1270000e+04
   1.0737000e+04   1.2808000e+04
   3.1409000e+04   8.1380000e+03
   5.7065000e+04   3.6768000e+04
   6.5520000e+03   1.8297000e+04
   2.3835000e+04   1.0502000e+04
   1.3710000e+04   7.9530000e+03
   2.3957000e+04   3.9737000e+04
   4.1354000e+04   2.4920000e+04
   2.9537000e+04   5.2895000e+04
   1.7902000e+04   5.7072000e+04
   1.9294000e+04   1.2230000e+03
   6.1882000e+04   6.3544000e+04
   2.2465000e+04   3.2360000e+04
   5.8393000e+04   1.7362000e+04
   1.4994000e+04   6.2642000e+04
   7.9960000e+03   3.7281000e+04
   6.8010000e+03   4.6925000e+04
   1.7776000e+04   4.3859000e+04
   3.0075000e+04   6.5060000e+04
   6.0299000e+04   3.6682000e+04
   5.0953000e+04   5.2471000e+04
   4.7172000e+04   6.4790000e+04
   1.4790000e+03   3.8100000e+04
   3.1524000e+04   3.6454000e+04
   5.1197000e+04   5.5498000e+04
   1.4588000e+04   2.2078000e+04
   1.8576000e+04   4.7170000e+03
   5.9724000e+04   5.9347000e+04
   4.2219000e+04   1.0326000e+04
   2.7866000e+04   5.5926000e+04
   6.8990000e+03   6.3392000e+04
   4.4792000e+04   3.6107000e+04
   3.6777000e+04   1.5269000e+04
   6.0655000e+04   5.6594000e+04
   2.8209000e+04   6.4658000e+04
   4.9749000e+04   1.4793000e+04
   4.5407000e+04   4.8847000e+04
   1.9100000e+03   4.8964000e+04
   4.3513000e+04   3.8703000e+04
   3.0011000e+04   6.1443000e+04
   6.7240000e+03   2.0799000e+04
   3.7098000e+04   4.1893000e+04
   4.8944000e+04   1.3324000e+04
   6.3326000e+04   4.8748000e+04
   3.4027000e+04   2.4980000e+04
   6.1320000e+03   8.2300000e+02
   1.6367000e+04   3.9270000e+03
   5.2939000e+04   3.8389000e+04
   1.8189000e+04   4.5890000e+03
   1.8976000e+04   1.9142000e+04
   1.9139000e+04   3.9859000e+04
   1.0319000e+04   2.5419000e+04
   2.0557000e+04   2.9200000e+03
   5.7995000e+04   3.1874000e+04
   4.9311000e+04   3.7232000e+04
   5.7804000e+04   3.2602000e+04
   5.6885000e+04   8.9430000e+03
   3.0746000e+04   1.2180000e+03
   4.5625000e+04   1.3066000e+04
   1.1177000e+04   6.3572000e+04
   3.1230000e+04   3.7798000e+04
   6.4204000e+04   4.6727000e+04
   5.2294000e+04   1.6537000e+04
   4.2103000e+04   7.0450000e+03
   1.3907000e+04   1.0276000e+04
   4.5708000e+04   2.4913000e+04
   3.6470000e+04   5.4329000e+04
