   3.7130000e+04   1.7869000e+04
   6.1898000e+04   1.5719000e+04
   3.5890000e+03   3.7995000e+04
   2.4093000e+04   7.8260000e+03
   2.3645000e+04   4.0630000e+04
   4.4527000e+04   5.3762000e+04
   2.8850000e+04   1.2808000e+04
   2.9445000e+04   8.1380000e+03
   6.2413000e+04   3.6768000e+04
   4.4441000e+04   1.8297000e+04
   2.8988000e+04   6.4105000e+04
   2.0655000e+04   7.9530000e+03
   5.6642000e+04   3.9737000e+04
   3.3099000e+04   3.0342000e+04
   5.9120000e+03   5.2895000e+04
   1.1822000e+04   3.1036000e+04
   1.9400000e+04   1.2230000e+03
   3.7340000e+03   6.3544000e+04
   5.0518000e+04   3.2360000e+04
   3.3594000e+04   1.7362000e+04
   2.2128000e+04   3.9359000e+04
   3.3919000e+04   3.7281000e+04
   4.6716000e+04   3.3900000e+03
   2.9363000e+04   4.3859000e+04
   6.0928000e+04   4.1948000e+04
   6.2713000e+04   3.6682000e+04
   4.8022000e+04   5.2471000e+04
   5.1266000e+04   6.4790000e+04
   1.4228000e+04   3.8100000e+04
   6.5207000e+04   3.6454000e+04
   6.4072000e+04   5.5498000e+04
   3.6363000e+04   6.4568000e+04
   2.8780000e+04   4.7170000e+03
   1.8990000e+04   6.1828000e+04
   3.4233000e+04   5.0352000e+04
   5.1350000e+04   3.8570000e+04
   2.9058000e+04   6.3392000e+04
   4.4159000e+04   3.6107000e+04
   5.5165000e+04   1.5269000e+04
   1.6025000e+04   5.6594000e+04
   3.0171000e+04   1.3068000e+04
   3.2689000e+04   1.4793000e+04
   4.0379000e+04   4.8847000e+04
   3.2755000e+04   4.8964000e+04
   5.4798000e+04   3.9630000e+04
   3.6170000e+04   4.7894000e+04
   1.1490000e+03   2.0799000e+04
   4.9348000e+04   3.4467000e+04
   5.1030000e+03   1.3324000e+04
   2.2513000e+04   4.8748000e+04
   2.1900000e+04   2.5651000e+04
   5.9500000e+02   8.2300000e+02
   5.2643000e+04   3.9270000e+03
   8.3320000e+03   3.8389000e+04
   5.8587000e+04   4.5890000e+03
   1.5935000e+04   1.7995000e+04
   5.3901000e+04   4.7555000e+04
   3.9860000e+03   2.5419000e+04
   4.4302000e+04   2.9200000e+03
   4.0557000e+04   3.1874000e+04
   1.4307000e+04   3.7232000e+04
   1.9804000e+04   5.7167000e+04
   4.2531000e+04   8.9430000e+03
   2.7642000e+04   1.2180000e+03
   1.9933000e+04   3.0255000e+04
   1.2629000e+04   6.3572000e+04
   1.4781000e+04   4.3499000e+04
   3.6537000e+04   4.6727000e+04
   3.9799000e+04   1.6537000e+04
   3.3839000e+04   7.0450000e+03
   3.7841000e+04   1.0276000e+04
   5.9467000e+04   2.4913000e+04
   2.3563000e+04   5.4329000e+04
