   5.5491000e+04   3.2177000e+04
   4.4693000e+04   1.5719000e+04
   8.1900000e+02   3.7995000e+04
   1.8847000e+04   5.7919000e+04
   5.3910000e+04   4.0630000e+04
   4.4397000e+04   1.5557000e+04
   5.9143000e+04   1.2808000e+04
   4.5615000e+04   8.1380000e+03
   3.6909000e+04   3.6768000e+04
   3.3310000e+04   1.8297000e+04
   3.9096000e+04   9.2850000e+03
   5.1308000e+04   7.9530000e+03
   1.1217000e+04   3.9737000e+04
   9.4350000e+03   5.2631000e+04
   6.6060000e+03   5.2895000e+04
   1.5791000e+04   9.7220000e+03
   1.4032000e+04   1.2230000e+03
   2.2093000e+04   6.3544000e+04
   3.8170000e+04   3.2360000e+04
   1.3146000e+04   1.7362000e+04
   5.8862000e+04   3.2824000e+04
   2.1930000e+03   3.7281000e+04
   3.3223000e+04   5.5180000e+04
   6.9230000e+03   4.3859000e+04
   6.5100000e+03   3.1290000e+04
   5.8684000e+04   3.6682000e+04
   6.5289000e+04   5.2471000e+04
   2.1409000e+04   6.4790000e+04
   6.1633000e+04   3.8100000e+04
   6.0445000e+04   3.6454000e+04
   5.9380000e+04   5.5498000e+04
   5.1551000e+04   7.7640000e+03
   5.7992000e+04   4.7170000e+03
   4.2396000e+04   2.5019000e+04
   3.2058000e+04   2.7360000e+04
   2.4747000e+04   4.4870000e+04
   3.8401000e+04   6.3392000e+04
   3.4452000e+04   3.6107000e+04
   2.8686000e+04   1.5269000e+04
   7.2940000e+03   5.6594000e+04
   1.1516000e+04   6.2148000e+04
   1.0809000e+04   1.4793000e+04
   9.2790000e+03   4.8847000e+04
   4.8098000e+04   4.8964000e+04
   2.8045000e+04   4.7188000e+04
   4.8308000e+04   4.4986000e+04
   3.6733000e+04   2.0799000e+04
   3.6009000e+04   3.7496000e+04
   2.7289000e+04   1.3324000e+04
   5.3987000e+04   4.8748000e+04
   1.4637000e+04   1.3334000e+04
   3.4776000e+04   8.2300000e+02
   1.2440000e+03   3.9270000e+03
   5.4130000e+04   3.8389000e+04
   2.9854000e+04   4.5890000e+03
   2.0912000e+04   6.3227000e+04
   4.9723000e+04   4.9986000e+04
   4.7875000e+04   2.5419000e+04
   2.6403000e+04   2.9200000e+03
   2.0222000e+04   3.1874000e+04
   3.7886000e+04   3.7232000e+04
   2.9930000e+04   2.9976000e+04
   1.9608000e+04   8.9430000e+03
   8.8890000e+03   1.2180000e+03
   2.2844000e+04   4.5151000e+04
   3.6600000e+02   6.3572000e+04
   2.0715000e+04   6.0314000e+04
   1.0143000e+04   4.6727000e+04
   2.8619000e+04   1.6537000e+04
   1.7500000e+03   7.0450000e+03
   6.3991000e+04   1.0276000e+04
   4.7970000e+04   2.4913000e+04
   5.4745000e+04   5.4329000e+04
