   3.4970000e+04   4.2772000e+04
   9.4800000e+03   1.5719000e+04
   1.0797000e+04   3.7995000e+04
   2.6372000e+04   8.5830000e+03
   6.4504000e+04   4.0630000e+04
   3.1331000e+04   3.6179000e+04
   2.9110000e+03   1.2808000e+04
   5.1843000e+04   8.1380000e+03
   4.6938000e+04   3.6768000e+04
   6.3498000e+04   1.8297000e+04
   3.1980000e+04   7.4260000e+03
   5.5076000e+04   7.9530000e+03
   4.7194000e+04   3.9737000e+04
   3.7164000e+04   4.3167000e+04
   5.6440000e+04   5.2895000e+04
   2.1090000e+04   9.1080000e+03
   6.4832000e+04   1.2230000e+03
   3.6756000e+04   6.3544000e+04
   2.9570000e+04   3.2360000e+04
   1.6660000e+03   1.7362000e+04
   2.3284000e+04   7.8170000e+03
   2.6038000e+04   3.7281000e+04
   3.3508000e+04   1.3211000e+04
   5.9710000e+04   4.3859000e+04
   1.8717000e+04   5.2767000e+04
   4.8702000e+04   3.6682000e+04
   5.3570000e+04   5.2471000e+04
   4.7058000e+04   6.4790000e+04
   2.7153000e+04   3.8100000e+04
   4.0372000e+04   3.6454000e+04
   1.7852000e+04   5.5498000e+04
   2.1741000e+04   1.5036000e+04
   1.2454000e+04   4.7170000e+03
   4.9956000e+04   2.7378000e+04
   5.7544000e+04   6.1492000e+04
   4.2121000e+04   4.9236000e+04
   3.9433000e+04   6.3392000e+04
   6.5000000e+04   3.6107000e+04
   5.0433000e+04   1.5269000e+04
   4.8276000e+04   5.6594000e+04
   2.1985000e+04   7.8350000e+03
   6.7710000e+03   1.4793000e+04
   7.8740000e+03   4.8847000e+04
   3.7452000e+04   4.8964000e+04
   2.0147000e+04   1.2868000e+04
   3.9164000e+04   5.9998000e+04
   1.8195000e+04   2.0799000e+04
   3.0907000e+04   1.1499000e+04
   1.9356000e+04   1.3324000e+04
   2.2360000e+03   4.8748000e+04
   2.5803000e+04   5.5269000e+04
   4.8620000e+04   8.2300000e+02
   2.4598000e+04   3.9270000e+03
   6.2559000e+04   3.8389000e+04
   1.9480000e+04   4.5890000e+03
   4.0676000e+04   5.7222000e+04
   3.0517000e+04   4.8913000e+04
   5.6130000e+03   2.5419000e+04
   3.2836000e+04   2.9200000e+03
   4.5477000e+04   3.1874000e+04
   1.9940000e+03   3.7232000e+04
   2.7965000e+04   2.6982000e+04
   1.0580000e+04   8.9430000e+03
   3.9903000e+04   1.2180000e+03
   1.6898000e+04   4.2861000e+04
   1.1327000e+04   6.3572000e+04
   3.3199000e+04   2.2092000e+04
   1.5701000e+04   4.6727000e+04
   4.2892000e+04   1.6537000e+04
   6.4435000e+04   7.0450000e+03
   1.7575000e+04   1.0276000e+04
   6.1654000e+04   2.4913000e+04
   4.2572000e+04   5.4329000e+04
