   1.7562000e+04   6.4460000e+04
   4.3477000e+04   3.2360000e+04
   5.2629000e+04   2.4913000e+04
   3.6041000e+04   2.2798000e+04
   3.0980000e+04   5.4329000e+04
   2.6308000e+04   3.4654000e+04
   2.4840000e+03   3.8100000e+04
   3.2210000e+04   8.1380000e+03
   4.1134000e+04   3.6768000e+04
   3.1772000e+04   1.8297000e+04
   2.0668000e+04   4.4109000e+04
   1.6357000e+04   7.9530000e+03
   1.3999000e+04   3.7281000e+04
   9.4860000e+03   5.8121000e+04
   5.6318000e+04   5.2895000e+04
   2.5413000e+04   6.3495000e+04
   2.7148000e+04   1.2230000e+03
   4.3311000e+04   6.3544000e+04
   2.8445000e+04   4.0630000e+04
   3.5960000e+04   1.0569000e+04
   4.0569000e+04   2.0799000e+04
   4.3876000e+04   1.8400000e+04
   5.3386000e+04   1.7362000e+04
   1.6149000e+04   4.1379000e+04
   4.5842000e+04   3.6682000e+04
   5.3266000e+04   5.2471000e+04
   2.5489000e+04   3.7995000e+04
   2.4538000e+04   6.3572000e+04
   3.5890000e+03   3.6454000e+04
   7.3640000e+03   1.5719000e+04
   1.9141000e+04   5.2125000e+04
   1.8791000e+04   4.7170000e+03
   5.8600000e+04   1.3090000e+04
   6.7390000e+03   1.2715000e+04
   2.6729000e+04   6.3218000e+04
   2.5208000e+04   3.7232000e+04
   5.4974000e+04   4.8847000e+04
   2.2287000e+04   1.5269000e+04
   6.3894000e+04   5.6594000e+04
   1.2787000e+04   1.8957000e+04
   2.5863000e+04   1.4793000e+04
   6.4808000e+04   4.3859000e+04
   2.0300000e+04   4.8964000e+04
   4.0789000e+04   5.1798000e+04
   1.5564000e+04   5.9547000e+04
   1.1160000e+04   6.4790000e+04
   2.6778000e+04   2.4700000e+02
   5.8899000e+04   1.6537000e+04
   6.2216000e+04   1.2808000e+04
   1.2737000e+04   1.7245000e+04
   3.0570000e+03   8.2300000e+02
   3.1900000e+03   3.9270000e+03
   4.9855000e+04   3.8389000e+04
   2.0670000e+03   3.1874000e+04
   6.0601000e+04   3.6557000e+04
   4.9304000e+04   5.5104000e+04
   4.0927000e+04   2.5419000e+04
   3.4652000e+04   2.9200000e+03
   3.3172000e+04   3.9737000e+04
   2.9537000e+04   1.3324000e+04
   1.1567000e+04   6.1400000e+03
   6.5410000e+04   8.9430000e+03
   1.2883000e+04   4.5890000e+03
   1.6947000e+04   1.5280000e+04
   4.7012000e+04   5.5498000e+04
   6.5940000e+03   1.9600000e+03
   1.9964000e+04   4.6727000e+04
   3.3840000e+03   4.8748000e+04
   4.6187000e+04   7.0450000e+03
   3.8220000e+03   1.2180000e+03
   6.1501000e+04   3.6107000e+04
   1.0630000e+04   1.0276000e+04
