   5.2445000e+04   4.2932000e+04
   2.4638000e+04   1.5719000e+04
   4.9631000e+04   3.7995000e+04
   1.6763000e+04   3.7381000e+04
   4.3065000e+04   4.0630000e+04
   3.4456000e+04   2.0343000e+04
   2.2891000e+04   1.2808000e+04
   3.7618000e+04   8.1380000e+03
   6.1378000e+04   3.6768000e+04
   5.6366000e+04   1.8297000e+04
   2.7882000e+04   2.6690000e+03
   5.0834000e+04   7.9530000e+03
   9.0350000e+03   3.9737000e+04
   3.0122000e+04   4.0585000e+04
   2.3380000e+03   5.2895000e+04
   4.1595000e+04   4.4634000e+04
   1.3950000e+03   1.2230000e+03
   5.5984000e+04   6.3544000e+04
   4.9715000e+04   3.2360000e+04
   5.1279000e+04   1.7362000e+04
   2.5754000e+04   4.4844000e+04
   5.7561000e+04   3.7281000e+04
   2.3754000e+04   9.1350000e+03
   7.2240000e+03   4.3859000e+04
   4.6240000e+03   9.2460000e+03
   2.0740000e+04   3.6682000e+04
   3.2708000e+04   5.2471000e+04
   4.9992000e+04   6.4790000e+04
   1.0845000e+04   3.8100000e+04
   4.0844000e+04   3.6454000e+04
   2.2126000e+04   5.5498000e+04
   3.8410000e+04   6.3600000e+03
   4.8480000e+03   4.7170000e+03
   5.1950000e+04   5.2917000e+04
   5.0540000e+04   1.1863000e+04
   1.8569000e+04   4.3470000e+04
   4.2423000e+04   6.3392000e+04
   6.3021000e+04   3.6107000e+04
   1.8013000e+04   1.5269000e+04
   1.6322000e+04   5.6594000e+04
   2.3079000e+04   1.1910000e+03
   9.6590000e+03   1.4793000e+04
   4.3726000e+04   4.8847000e+04
   1.1272000e+04   4.8964000e+04
   3.2938000e+04   4.3148000e+04
   5.5597000e+04   1.6684000e+04
   1.4995000e+04   2.0799000e+04
   7.3870000e+03   5.2685000e+04
   5.9693000e+04   1.3324000e+04
   1.1246000e+04   4.8748000e+04
   5.1500000e+04   2.8176000e+04
   2.4995000e+04   8.2300000e+02
   4.3961000e+04   3.9270000e+03
   5.7281000e+04   3.8389000e+04
   1.9277000e+04   4.5890000e+03
   2.9351000e+04   4.9678000e+04
   2.9850000e+04   3.5248000e+04
   1.9885000e+04   2.5419000e+04
   3.7112000e+04   2.9200000e+03
   6.4886000e+04   3.1874000e+04
   4.0940000e+03   3.7232000e+04
   3.5274000e+04   3.7750000e+03
   4.2329000e+04   8.9430000e+03
   4.2199000e+04   1.2180000e+03
   3.1305000e+04   1.7655000e+04
   4.9066000e+04   6.3572000e+04
   2.6121000e+04   2.2558000e+04
   2.0522000e+04   4.6727000e+04
   3.3098000e+04   1.6537000e+04
   3.5875000e+04   7.0450000e+03
   2.1238000e+04   1.0276000e+04
   1.3057000e+04   2.4913000e+04
   6.2145000e+04   5.4329000e+04
