   1.3595000e+04   5.5004000e+04
   3.0918000e+04   1.5719000e+04
   5.4100000e+03   3.7995000e+04
   2.8234000e+04   6.5174000e+04
   4.2460000e+03   4.0630000e+04
   1.6910000e+04   6.3546000e+04
   3.5426000e+04   1.2808000e+04
   6.3979000e+04   8.1380000e+03
   4.6025000e+04   3.6768000e+04
   5.7940000e+04   1.8297000e+04
   5.3567000e+04   3.2826000e+04
   6.4698000e+04   7.9530000e+03
   1.4405000e+04   3.9737000e+04
   4.3439000e+04   1.4286000e+04
   1.9333000e+04   5.2895000e+04
   2.2120000e+04   6.0490000e+03
   4.2731000e+04   1.2230000e+03
   3.0740000e+03   6.3544000e+04
   5.2719000e+04   3.2360000e+04
   2.4828000e+04   1.7362000e+04
   2.9417000e+04   4.6046000e+04
   9.2520000e+03   3.7281000e+04
   1.6055000e+04   5.7208000e+04
   2.5840000e+03   4.3859000e+04
   9.7400000e+03   1.3916000e+04
   5.7869000e+04   3.6682000e+04
   1.9637000e+04   5.2471000e+04
   5.2356000e+04   6.4790000e+04
   2.5750000e+04   3.8100000e+04
   1.5512000e+04   3.6454000e+04
   5.1003000e+04   5.5498000e+04
   1.4844000e+04   5.0428000e+04
   5.8364000e+04   4.7170000e+03
   3.2458000e+04   2.1818000e+04
   1.5803000e+04   5.1200000e+02
   4.9423000e+04   6.0407000e+04
   3.9085000e+04   6.3392000e+04
   3.3937000e+04   3.6107000e+04
   5.5947000e+04   1.5269000e+04
   6.0640000e+04   5.6594000e+04
   4.5567000e+04   4.7972000e+04
   3.5630000e+04   1.4793000e+04
   6.4487000e+04   4.8847000e+04
   5.8093000e+04   4.8964000e+04
   2.6138000e+04   5.2483000e+04
   3.4157000e+04   1.9915000e+04
   3.5716000e+04   2.0799000e+04
   5.5583000e+04   4.7866000e+04
   1.8684000e+04   1.3324000e+04
   4.9340000e+04   4.8748000e+04
   3.7309000e+04   1.9133000e+04
   5.7489000e+04   8.2300000e+02
   9.6800000e+02   3.9270000e+03
   4.1594000e+04   3.8389000e+04
   3.4814000e+04   4.5890000e+03
   8.8680000e+03   1.2423000e+04
   4.7871000e+04   5.4772000e+04
   1.5304000e+04   2.5419000e+04
   5.0040000e+03   2.9200000e+03
   1.5701000e+04   3.1874000e+04
   2.5050000e+03   3.7232000e+04
   4.0430000e+04   4.0222000e+04
   6.5183000e+04   8.9430000e+03
   5.4261000e+04   1.2180000e+03
   1.9981000e+04   5.2397000e+04
   1.0386000e+04   6.3572000e+04
   2.9163000e+04   2.3945000e+04
   5.3154000e+04   4.6727000e+04
   2.1455000e+04   1.6537000e+04
   3.4298000e+04   7.0450000e+03
   2.5393000e+04   1.0276000e+04
   6.2796000e+04   2.4913000e+04
   6.3368000e+04   5.4329000e+04
