   2.4064000e+04   6.3778000e+04
   2.9273000e+04   1.5719000e+04
   5.5461000e+04   3.7995000e+04
   5.1498000e+04   6.0616000e+04
   1.4450000e+04   4.0630000e+04
   5.0331000e+04   5.9252000e+04
   1.1002000e+04   1.2808000e+04
   6.3508000e+04   8.1380000e+03
   3.9070000e+03   3.6768000e+04
   1.2759000e+04   1.8297000e+04
   2.8990000e+04   3.0710000e+04
   8.7600000e+03   7.9530000e+03
   1.8764000e+04   3.9737000e+04
   2.5202000e+04   3.4340000e+03
   5.1269000e+04   5.2895000e+04
   1.1078000e+04   3.6276000e+04
   2.5369000e+04   1.2230000e+03
   5.6750000e+04   6.3544000e+04
   4.3080000e+04   3.2360000e+04
   1.9884000e+04   1.7362000e+04
   4.8252000e+04   1.9396000e+04
   1.3576000e+04   3.7281000e+04
   4.4999000e+04   6.0892000e+04
   5.8987000e+04   4.3859000e+04
   5.2968000e+04   6.4720000e+03
   5.1139000e+04   3.6682000e+04
   6.0585000e+04   5.2471000e+04
   1.7919000e+04   6.4790000e+04
   6.0404000e+04   3.8100000e+04
   6.4818000e+04   3.6454000e+04
   4.4561000e+04   5.5498000e+04
   2.3252000e+04   4.7575000e+04
   6.0721000e+04   4.7170000e+03
   5.2726000e+04   5.4635000e+04
   1.7107000e+04   4.6538000e+04
   2.5917000e+04   5.4107000e+04
   2.4811000e+04   6.3392000e+04
   4.5451000e+04   3.6107000e+04
   2.1535000e+04   1.5269000e+04
   1.9700000e+04   5.6594000e+04
   2.6485000e+04   3.7286000e+04
   3.3779000e+04   1.4793000e+04
   2.4260000e+03   4.8847000e+04
   3.8955000e+04   4.8964000e+04
   4.0467000e+04   4.0759000e+04
   2.6047000e+04   9.1480000e+03
   6.1118000e+04   2.0799000e+04
   3.7085000e+04   5.1780000e+03
   3.8796000e+04   1.3324000e+04
   1.8605000e+04   4.8748000e+04
   3.2404000e+04   4.7756000e+04
   6.0952000e+04   8.2300000e+02
   4.4703000e+04   3.9270000e+03
   4.5915000e+04   3.8389000e+04
   7.3000000e+01   4.5890000e+03
   5.9240000e+04   1.4510000e+04
   4.1228000e+04   4.3775000e+04
   2.2830000e+03   2.5419000e+04
   3.9269000e+04   2.9200000e+03
   4.4339000e+04   3.1874000e+04
   8.3770000e+03   3.7232000e+04
   4.0598000e+04   6.0055000e+04
   2.8670000e+04   8.9430000e+03
   5.8623000e+04   1.2180000e+03
   3.1655000e+04   4.4990000e+04
   5.0758000e+04   6.3572000e+04
   5.7111000e+04   1.0159000e+04
   2.6724000e+04   4.6727000e+04
   1.8029000e+04   1.6537000e+04
   3.6425000e+04   7.0450000e+03
   2.8695000e+04   1.0276000e+04
   7.8490000e+03   2.4913000e+04
   5.6341000e+04   5.4329000e+04
