   7.4540000e+03   6.4086000e+04
   1.9963000e+04   1.5719000e+04
   5.2696000e+04   3.7995000e+04
   5.6464000e+04   2.7184000e+04
   4.8834000e+04   4.0630000e+04
   2.9158000e+04   1.7073000e+04
   1.3304000e+04   1.2808000e+04
   6.2637000e+04   8.1380000e+03
   1.9035000e+04   3.6768000e+04
   4.8134000e+04   1.8297000e+04
   6.1054000e+04   6.5193000e+04
   2.4124000e+04   7.9530000e+03
   1.1396000e+04   3.9737000e+04
   2.8375000e+04   6.5720000e+03
   9.8050000e+03   5.2895000e+04
   2.8779000e+04   5.9355000e+04
   4.8369000e+04   1.2230000e+03
   2.1543000e+04   6.3544000e+04
   3.5407000e+04   3.2360000e+04
   4.8019000e+04   1.7362000e+04
   2.6978000e+04   3.5414000e+04
   4.0474000e+04   3.7281000e+04
   6.0909000e+04   6.4447000e+04
   1.3953000e+04   4.3859000e+04
   4.5832000e+04   4.7212000e+04
   5.4225000e+04   3.6682000e+04
   3.7926000e+04   5.2471000e+04
   5.5549000e+04   6.4790000e+04
   4.0340000e+04   3.8100000e+04
   5.3069000e+04   3.6454000e+04
   1.2759000e+04   5.5498000e+04
   2.4295000e+04   6.5319000e+04
   3.2789000e+04   4.7170000e+03
   4.2251000e+04   5.1830000e+04
   3.1415000e+04   2.9306000e+04
   2.5706000e+04   6.0708000e+04
   7.9170000e+03   6.3392000e+04
   4.3345000e+04   3.6107000e+04
   5.8398000e+04   1.5269000e+04
   5.6720000e+04   5.6594000e+04
   5.4980000e+04   2.6452000e+04
   4.2861000e+04   1.4793000e+04
   2.9410000e+03   4.8847000e+04
   3.4622000e+04   4.8964000e+04
   4.9294000e+04   2.4320000e+04
   3.6519000e+04   5.5277000e+04
   6.8010000e+03   2.0799000e+04
   5.6020000e+03   2.3076000e+04
   3.3892000e+04   1.3324000e+04
   2.1658000e+04   4.8748000e+04
   2.6246000e+04   6.1606000e+04
   2.0383000e+04   8.2300000e+02
   1.0595000e+04   3.9270000e+03
   4.0885000e+04   3.8389000e+04
   5.0704000e+04   4.5890000e+03
   5.8066000e+04   6.0613000e+04
   3.0924000e+04   3.3515000e+04
   8.1570000e+03   2.5419000e+04
   1.5662000e+04   2.9200000e+03
   1.1163000e+04   3.1874000e+04
   1.3081000e+04   3.7232000e+04
   1.4737000e+04   6.2682000e+04
   1.4343000e+04   8.9430000e+03
   3.0660000e+04   1.2180000e+03
   4.9768000e+04   1.8951000e+04
   3.1820000e+03   6.3572000e+04
   5.6957000e+04   1.5055000e+04
   2.7497000e+04   4.6727000e+04
   3.3694000e+04   1.6537000e+04
   6.4215000e+04   7.0450000e+03
   7.9760000e+03   1.0276000e+04
   3.4245000e+04   2.4913000e+04
   2.0714000e+04   5.4329000e+04
