   1.8817000e+04   1.5721000e+04
   2.6713000e+04   3.2360000e+04
   5.7111000e+04   2.4913000e+04
   6.1523000e+04   4.1586000e+04
   4.0553000e+04   5.4329000e+04
   1.5955000e+04   4.8490000e+03
   4.0772000e+04   1.2808000e+04
   3.6900000e+03   8.1380000e+03
   2.0320000e+03   3.6768000e+04
   5.5571000e+04   1.8297000e+04
   1.6574000e+04   2.0435000e+04
   3.4185000e+04   7.9530000e+03
   6.4314000e+04   3.7281000e+04
   2.4847000e+04   6.1065000e+04
   5.5675000e+04   5.2895000e+04
   1.8068000e+04   6.0663000e+04
   3.8907000e+04   1.2230000e+03
   1.7203000e+04   6.3544000e+04
   3.3740000e+03   4.0630000e+04
   1.9825000e+04   2.2173000e+04
   6.0615000e+04   2.0799000e+04
   3.6581000e+04   3.0597000e+04
   4.8185000e+04   1.7362000e+04
   2.9316000e+04   3.0101000e+04
   5.6165000e+04   3.6682000e+04
   6.1702000e+04   5.2471000e+04
   1.9450000e+04   3.7995000e+04
   3.7328000e+04   6.3572000e+04
   1.7911000e+04   3.6454000e+04
   5.2749000e+04   1.5719000e+04
   4.5670000e+04   8.7160000e+03
   4.6470000e+04   4.7170000e+03
   4.3096000e+04   1.8506000e+04
   1.3810000e+04   5.9287000e+04
   1.8557000e+04   1.8860000e+03
   4.3996000e+04   6.3392000e+04
   4.1368000e+04   4.8847000e+04
   2.7972000e+04   1.5269000e+04
   3.8223000e+04   5.6594000e+04
   3.8437000e+04   5.7530000e+03
   5.8660000e+03   1.4793000e+04
   4.9833000e+04   4.3859000e+04
   5.1850000e+03   4.8964000e+04
   3.4516000e+04   9.7500000e+03
   1.1486000e+04   4.6638000e+04
   3.5510000e+03   6.4790000e+04
   3.1818000e+04   4.2670000e+03
   1.3019000e+04   1.3324000e+04
   2.4724000e+04   4.8748000e+04
   1.1665000e+04   6.9650000e+03
   2.5383000e+04   8.2300000e+02
   3.6779000e+04   3.9270000e+03
   3.0655000e+04   3.8389000e+04
   1.9757000e+04   3.1874000e+04
   4.3733000e+04   8.2030000e+03
   4.1717000e+04   1.5335000e+04
   5.1500000e+04   2.5419000e+04
   6.1138000e+04   2.9200000e+03
   5.0303000e+04   3.9737000e+04
   3.1973000e+04   3.7232000e+04
   8.6250000e+03   5.7622000e+04
   3.2053000e+04   8.9430000e+03
   1.2425000e+04   4.5890000e+03
   1.1826000e+04   5.2922000e+04
   1.0269000e+04   5.5498000e+04
   2.8164000e+04   3.6330000e+04
   2.6041000e+04   4.6727000e+04
   2.2456000e+04   1.6537000e+04
   5.9020000e+04   7.0450000e+03
   3.7954000e+04   1.2180000e+03
   6.1842000e+04   3.6107000e+04
   6.9830000e+03   1.0276000e+04
