   6.5780000e+03   1.7273000e+04
   3.8045000e+04   4.5890000e+03
   4.2743000e+04   3.6768000e+04
   3.5294000e+04   3.9737000e+04
   5.9790000e+04   3.8389000e+04
   3.0687000e+04   4.0630000e+04
   6.5170000e+04   5.2471000e+04
   1.6158000e+04   5.6594000e+04
   4.8171000e+04   1.5269000e+04
   3.0484000e+04   4.9525000e+04
   1.8449000e+04   8.2300000e+02
   6.2361000e+04   3.6107000e+04
   2.2838000e+04   1.5851000e+04
   5.6814000e+04   3.9270000e+03
   1.9720000e+04   1.2781000e+04
   6.5109000e+04   4.8964000e+04
   1.0730000e+03   2.5419000e+04
   3.3909000e+04   3.1874000e+04
   3.3331000e+04   4.9391000e+04
   4.7009000e+04   4.8847000e+04
   1.4758000e+04   2.2686000e+04
   8.4250000e+03   3.9216000e+04
   1.8137000e+04   1.6537000e+04
   1.2502000e+04   3.6454000e+04
   5.4894000e+04   1.7362000e+04
   3.9826000e+04   5.4329000e+04
   3.6252000e+04   1.4793000e+04
   5.1081000e+04   1.2180000e+03
   1.2105000e+04   7.5600000e+03
   4.1023000e+04   1.2808000e+04
   3.7678000e+04   1.2230000e+03
   3.6339000e+04   4.5450000e+03
   7.5490000e+03   3.5343000e+04
   3.2391000e+04   3.8100000e+04
   5.2016000e+04   8.9430000e+03
   7.2030000e+03   2.9200000e+03
   2.1450000e+04   8.1380000e+03
   4.8503000e+04   3.7232000e+04
   3.9436000e+04   7.0450000e+03
   2.6597000e+04   6.3544000e+04
   2.9460000e+04   2.4254000e+04
   4.0789000e+04   4.3859000e+04
   4.5960000e+03   9.8600000e+03
   4.3370000e+03   5.5498000e+04
   5.2476000e+04   3.2360000e+04
   1.7862000e+04   6.3646000e+04
   4.7754000e+04   4.8748000e+04
   1.8262000e+04   3.6682000e+04
   1.2433000e+04   5.2895000e+04
   4.5898000e+04   3.7995000e+04
   1.1660000e+04   3.0507000e+04
   1.1829000e+04   4.1912000e+04
   2.8690000e+04   7.9530000e+03
   4.2286000e+04   4.7170000e+03
   5.2207000e+04   2.4913000e+04
   3.4360000e+03   6.3572000e+04
   3.4180000e+04   2.2970000e+03
   3.9565000e+04   4.6727000e+04
   1.4760000e+04   6.4790000e+04
   5.8984000e+04   1.8297000e+04
   2.2712000e+04   1.0276000e+04
   3.6260000e+04   5.8757000e+04
   1.4820000e+04   1.3324000e+04
   4.5641000e+04   1.5719000e+04
   2.1049000e+04   6.3392000e+04
   6.3478000e+04   2.0799000e+04
   1.2327000e+04   3.7281000e+04
