   3.5018000e+04   4.6291000e+04
   4.2726000e+04   1.5719000e+04
   3.8520000e+04   3.7995000e+04
   5.7027000e+04   2.8826000e+04
   1.8398000e+04   4.0630000e+04
   3.1476000e+04   4.1590000e+04
   6.4606000e+04   1.2808000e+04
   5.4316000e+04   8.1380000e+03
   2.6558000e+04   3.6768000e+04
   5.1038000e+04   1.8297000e+04
   1.0625000e+04   4.7707000e+04
   4.2591000e+04   7.9530000e+03
   3.7850000e+03   3.9737000e+04
   2.5026000e+04   2.0062000e+04
   5.8272000e+04   5.2895000e+04
   3.3052000e+04   4.7609000e+04
   5.2128000e+04   1.2230000e+03
   7.8290000e+03   6.3544000e+04
   3.9066000e+04   3.2360000e+04
   2.2417000e+04   1.7362000e+04
   3.1087000e+04   4.2401000e+04
   2.3160000e+03   3.7281000e+04
   1.0575000e+04   1.5274000e+04
   5.9673000e+04   4.3859000e+04
   1.5629000e+04   1.6735000e+04
   5.2000000e+01   3.6682000e+04
   4.2975000e+04   5.2471000e+04
   3.5626000e+04   6.4790000e+04
   1.2027000e+04   3.8100000e+04
   5.1620000e+04   3.6454000e+04
   5.9008000e+04   5.5498000e+04
   2.5838000e+04   3.1780000e+03
   5.9237000e+04   4.7170000e+03
   4.8660000e+04   4.4660000e+04
   1.7646000e+04   3.3305000e+04
   3.1947000e+04   3.5456000e+04
   5.0397000e+04   6.3392000e+04
   4.9030000e+03   3.6107000e+04
   4.4494000e+04   1.5269000e+04
   1.7854000e+04   5.6594000e+04
   2.3251000e+04   3.2456000e+04
   6.5236000e+04   1.4793000e+04
   4.8828000e+04   4.8847000e+04
   1.6200000e+04   4.8964000e+04
   5.7091000e+04   2.0271000e+04
   2.9088000e+04   2.1643000e+04
   6.4742000e+04   2.0799000e+04
   5.1510000e+04   5.9650000e+03
   3.4320000e+04   1.3324000e+04
   6.3066000e+04   4.8748000e+04
   2.7885000e+04   3.4950000e+04
   5.5220000e+03   8.2300000e+02
   6.5349000e+04   3.9270000e+03
   4.5700000e+02   3.8389000e+04
   5.3160000e+03   4.5890000e+03
   1.8735000e+04   7.0990000e+03
   2.1888000e+04   4.3415000e+04
   6.6870000e+03   2.5419000e+04
   6.4003000e+04   2.9200000e+03
   4.6217000e+04   3.1874000e+04
   9.6690000e+03   3.7232000e+04
   1.5939000e+04   3.4916000e+04
   4.3669000e+04   8.9430000e+03
   6.2270000e+03   1.2180000e+03
   2.8404000e+04   4.7544000e+04
   4.2843000e+04   6.3572000e+04
   1.1859000e+04   5.6558000e+04
   3.9223000e+04   4.6727000e+04
   5.2895000e+04   1.6537000e+04
   2.0513000e+04   7.0450000e+03
   3.5942000e+04   1.0276000e+04
   9.0880000e+03   2.4913000e+04
   5.9538000e+04   5.4329000e+04
