   5.0572000e+04   1.0751000e+04
   3.1053000e+04   1.5719000e+04
   7.7020000e+03   3.7995000e+04
   2.8406000e+04   3.1863000e+04
   6.3108000e+04   4.0630000e+04
   5.0840000e+04   4.7437000e+04
   3.8563000e+04   1.2808000e+04
   9.0630000e+03   8.1380000e+03
   6.2821000e+04   3.6768000e+04
   5.6096000e+04   1.8297000e+04
   3.0907000e+04   1.1499000e+04
   6.4991000e+04   7.9530000e+03
   1.7871000e+04   3.9737000e+04
   1.5729000e+04   1.5019000e+04
   4.5094000e+04   5.2895000e+04
   2.5254000e+04   6.3881000e+04
   3.4745000e+04   1.2230000e+03
   1.8457000e+04   6.3544000e+04
   7.6080000e+03   3.2360000e+04
   1.6369000e+04   1.7362000e+04
   3.4170000e+04   2.1599000e+04
   2.2356000e+04   3.7281000e+04
   4.4348000e+04   6.2366000e+04
   4.1979000e+04   4.3859000e+04
   5.7977000e+04   5.9265000e+04
   1.1539000e+04   3.6682000e+04
   6.1217000e+04   5.2471000e+04
   1.4286000e+04   6.4790000e+04
   4.2353000e+04   3.8100000e+04
   5.4801000e+04   3.6454000e+04
   5.4703000e+04   5.5498000e+04
   1.8964000e+04   5.3896000e+04
   4.2690000e+03   4.7170000e+03
   4.0137000e+04   3.9019000e+04
   2.9174000e+04   4.6767000e+04
   1.4671000e+04   3.6586000e+04
   5.9460000e+04   6.3392000e+04
   6.5096000e+04   3.6107000e+04
   6.3345000e+04   1.5269000e+04
   3.4550000e+04   5.6594000e+04
   3.0279000e+04   5.9981000e+04
   2.5653000e+04   1.4793000e+04
   6.3940000e+03   4.8847000e+04
   6.3745000e+04   4.8964000e+04
   1.5061000e+04   6.4390000e+03
   1.7727000e+04   8.3240000e+03
   4.4830000e+03   2.0799000e+04
   3.8041000e+04   4.1107000e+04
   4.9678000e+04   1.3324000e+04
   5.5322000e+04   4.8748000e+04
   2.4003000e+04   2.7130000e+03
   5.4157000e+04   8.2300000e+02
   2.7400000e+02   3.9270000e+03
   1.0843000e+04   3.8389000e+04
   3.8220000e+03   4.5890000e+03
   4.3482000e+04   7.8550000e+03
   5.3534000e+04   4.9121000e+04
   2.1260000e+04   2.5419000e+04
   2.1435000e+04   2.9200000e+03
   1.3510000e+04   3.1874000e+04
   1.2797000e+04   3.7232000e+04
   5.7834000e+04   2.9773000e+04
   1.9598000e+04   8.9430000e+03
   9.8970000e+03   1.2180000e+03
   3.6440000e+04   4.5986000e+04
   5.2170000e+04   6.3572000e+04
   4.0473000e+04   4.8096000e+04
   3.7155000e+04   4.6727000e+04
   4.6204000e+04   1.6537000e+04
   6.1710000e+03   7.0450000e+03
   4.5733000e+04   1.0276000e+04
   2.3796000e+04   2.4913000e+04
   4.8708000e+04   5.4329000e+04
