   2.7175000e+04   1.2594000e+04
   1.6469000e+04   1.5719000e+04
   2.2149000e+04   3.7995000e+04
   2.1705000e+04   4.2930000e+04
   6.5173000e+04   4.0630000e+04
   4.1321000e+04   1.6561000e+04
   3.0071000e+04   1.2808000e+04
   6.4652000e+04   8.1380000e+03
   6.2861000e+04   3.6768000e+04
   1.1454000e+04   1.8297000e+04
   3.5947000e+04   1.5111000e+04
   4.4907000e+04   7.9530000e+03
   1.9712000e+04   3.9737000e+04
   5.7789000e+04   2.8756000e+04
   6.5455000e+04   5.2895000e+04
   5.7597000e+04   6.2241000e+04
   5.8946000e+04   1.2230000e+03
   4.2934000e+04   6.3544000e+04
   2.9925000e+04   3.2360000e+04
   4.6214000e+04   1.7362000e+04
   1.1650000e+04   4.8458000e+04
   6.1083000e+04   3.7281000e+04
   1.0314000e+04   3.0060000e+04
   6.4762000e+04   4.3859000e+04
   5.5500000e+04   5.1800000e+04
   4.5576000e+04   3.6682000e+04
   4.4781000e+04   5.2471000e+04
   1.2820000e+04   6.4790000e+04
   4.3196000e+04   3.8100000e+04
   1.2286000e+04   3.6454000e+04
   4.0428000e+04   5.5498000e+04
   6.0589000e+04   3.9769000e+04
   1.9798000e+04   4.7170000e+03
   5.7837000e+04   7.1270000e+03
   5.2380000e+04   5.9930000e+04
   4.3639000e+04   4.8014000e+04
   6.5314000e+04   6.3392000e+04
   1.8390000e+04   3.6107000e+04
   5.1495000e+04   1.5269000e+04
   1.6831000e+04   5.6594000e+04
   3.5018000e+04   4.6291000e+04
   1.1734000e+04   1.4793000e+04
   3.0721000e+04   4.8847000e+04
   1.3097000e+04   4.8964000e+04
   7.2580000e+03   2.5731000e+04
   2.3721000e+04   4.9390000e+03
   5.6307000e+04   2.0799000e+04
   7.3070000e+03   3.6268000e+04
   8.8470000e+03   1.3324000e+04
   3.0699000e+04   4.8748000e+04
   3.9464000e+04   6.4300000e+03
   4.0350000e+03   8.2300000e+02
   3.2366000e+04   3.9270000e+03
   4.9181000e+04   3.8389000e+04
   3.7887000e+04   4.5890000e+03
   2.4858000e+04   8.6530000e+03
   2.3974000e+04   5.7080000e+03
   1.5535000e+04   2.5419000e+04
   5.1270000e+03   2.9200000e+03
   5.5160000e+04   3.1874000e+04
   6.4573000e+04   3.7232000e+04
   3.0216000e+04   4.6245000e+04
   5.6103000e+04   8.9430000e+03
   6.2913000e+04   1.2180000e+03
   3.2058000e+04   2.7360000e+04
   6.7140000e+03   6.3572000e+04
   5.7517000e+04   3.3293000e+04
   5.7265000e+04   4.6727000e+04
   2.3740000e+03   1.6537000e+04
   8.1080000e+03   7.0450000e+03
   3.8792000e+04   1.0276000e+04
   1.7590000e+03   2.4913000e+04
   3.0146000e+04   5.4329000e+04
