   4.4215000e+04   4.2831000e+04
   6.0548000e+04   1.5719000e+04
   6.5083000e+04   3.7995000e+04
   8.5430000e+03   6.1476000e+04
   1.2319000e+04   4.0630000e+04
   3.6135000e+04   1.0950000e+03
   1.6764000e+04   1.2808000e+04
   2.2507000e+04   8.1380000e+03
   1.0235000e+04   3.6768000e+04
   5.7101000e+04   1.8297000e+04
   2.2681000e+04   3.2804000e+04
   2.3106000e+04   7.9530000e+03
   6.5336000e+04   3.9737000e+04
   4.0119000e+04   6.0967000e+04
   1.1800000e+04   5.2895000e+04
   5.5607000e+04   2.2263000e+04
   1.5940000e+04   1.2230000e+03
   3.7499000e+04   6.3544000e+04
   6.5244000e+04   3.2360000e+04
   1.1510000e+03   1.7362000e+04
   1.2946000e+04   4.6220000e+04
   4.7934000e+04   3.7281000e+04
   5.9970000e+04   7.2120000e+03
   3.3532000e+04   4.3859000e+04
   4.2279000e+04   2.0191000e+04
   5.0192000e+04   3.6682000e+04
   1.7060000e+04   5.2471000e+04
   2.5070000e+03   6.4790000e+04
   5.6564000e+04   3.8100000e+04
   4.2534000e+04   3.6454000e+04
   6.4482000e+04   5.5498000e+04
   5.2503000e+04   2.4651000e+04
   5.8255000e+04   4.7170000e+03
   6.5270000e+03   5.2435000e+04
   2.0729000e+04   4.2596000e+04
   3.7015000e+04   3.9785000e+04
   5.5815000e+04   6.3392000e+04
   4.1781000e+04   3.6107000e+04
   4.7503000e+04   1.5269000e+04
   2.9754000e+04   5.6594000e+04
   2.9895000e+04   4.1307000e+04
   2.8379000e+04   1.4793000e+04
   5.2071000e+04   4.8847000e+04
   4.0380000e+04   4.8964000e+04
   1.4652000e+04   3.1177000e+04
   1.9610000e+04   5.6819000e+04
   3.7649000e+04   2.0799000e+04
   8.2830000e+03   6.3584000e+04
   3.5775000e+04   1.3324000e+04
   5.8398000e+04   4.8748000e+04
   4.7335000e+04   3.2718000e+04
   5.8035000e+04   8.2300000e+02
   5.4435000e+04   3.9270000e+03
   6.4850000e+04   3.8389000e+04
   5.7790000e+03   4.5890000e+03
   6.1863000e+04   8.4610000e+03
   1.2020000e+04   6.2750000e+03
   6.3568000e+04   2.5419000e+04
   5.0825000e+04   2.9200000e+03
   4.9713000e+04   3.1874000e+04
   4.4501000e+04   3.7232000e+04
   2.2713000e+04   3.8806000e+04
   3.0853000e+04   8.9430000e+03
   5.1962000e+04   1.2180000e+03
   2.4873000e+04   1.0670000e+03
   2.2229000e+04   6.3572000e+04
   1.4539000e+04   1.3958000e+04
   4.4120000e+04   4.6727000e+04
   5.7140000e+03   1.6537000e+04
   6.2346000e+04   7.0450000e+03
   1.8255000e+04   1.0276000e+04
   7.0160000e+03   2.4913000e+04
   7.4530000e+03   5.4329000e+04
