   4.3387000e+04   3.8747000e+04
   2.4165000e+04   1.5719000e+04
   4.7842000e+04   3.7995000e+04
   4.8523000e+04   3.9469000e+04
   2.8763000e+04   4.0630000e+04
   9.7400000e+03   1.3916000e+04
   1.6838000e+04   1.2808000e+04
   4.1739000e+04   8.1380000e+03
   8.4510000e+03   3.6768000e+04
   5.1969000e+04   1.8297000e+04
   7.6600000e+03   9.6930000e+03
   4.1855000e+04   7.9530000e+03
   2.6434000e+04   3.9737000e+04
   1.1917000e+04   6.5170000e+04
   5.2473000e+04   5.2895000e+04
   4.4490000e+04   6.0232000e+04
   1.2177000e+04   1.2230000e+03
   5.7911000e+04   6.3544000e+04
   1.3856000e+04   3.2360000e+04
   3.5996000e+04   1.7362000e+04
   2.4320000e+04   6.0923000e+04
   6.0162000e+04   3.7281000e+04
   1.5119000e+04   4.1260000e+04
   6.1496000e+04   4.3859000e+04
   3.0123000e+04   4.4101000e+04
   5.5358000e+04   3.6682000e+04
   4.5208000e+04   5.2471000e+04
   3.0632000e+04   6.4790000e+04
   3.5912000e+04   3.8100000e+04
   5.2863000e+04   3.6454000e+04
   7.2740000e+03   5.5498000e+04
   1.1692000e+04   5.2319000e+04
   4.5084000e+04   4.7170000e+03
   4.0394000e+04   1.1781000e+04
   5.6731000e+04   4.4723000e+04
   3.8218000e+04   5.5184000e+04
   5.3370000e+03   6.3392000e+04
   6.4652000e+04   3.6107000e+04
   1.9727000e+04   1.5269000e+04
   5.7031000e+04   5.6594000e+04
   1.5185000e+04   1.3922000e+04
   4.3280000e+04   1.4793000e+04
   4.6736000e+04   4.8847000e+04
   2.8335000e+04   4.8964000e+04
   5.7410000e+03   1.5029000e+04
   4.6840000e+03   6.5475000e+04
   6.4975000e+04   2.0799000e+04
   2.9019000e+04   4.2747000e+04
   3.4807000e+04   1.3324000e+04
   1.4320000e+04   4.8748000e+04
   5.3659000e+04   1.6740000e+04
   5.0494000e+04   8.2300000e+02
   1.8420000e+03   3.9270000e+03
   3.7799000e+04   3.8389000e+04
   1.2334000e+04   4.5890000e+03
   2.5035000e+04   1.3681000e+04
   2.2891000e+04   4.9242000e+04
   4.8039000e+04   2.5419000e+04
   2.5567000e+04   2.9200000e+03
   5.9737000e+04   3.1874000e+04
   8.0400000e+03   3.7232000e+04
   2.2190000e+04   2.9420000e+03
   1.1070000e+03   8.9430000e+03
   4.3591000e+04   1.2180000e+03
   1.9314000e+04   5.0847000e+04
   4.5578000e+04   6.3572000e+04
   1.0016000e+04   3.2329000e+04
   6.5389000e+04   4.6727000e+04
   5.1718000e+04   1.6537000e+04
   3.2983000e+04   7.0450000e+03
   2.5350000e+03   1.0276000e+04
   6.3439000e+04   2.4913000e+04
   1.9554000e+04   5.4329000e+04
