   5.0614000e+04   1.8260000e+04
   4.3311000e+04   1.0276000e+04
   4.2207000e+04   4.3859000e+04
   2.5302000e+04   3.8389000e+04
   3.0860000e+03   4.5890000e+03
   2.4574000e+04   8.1380000e+03
   6.5467000e+04   1.5719000e+04
   4.5141000e+04   3.6768000e+04
   6.0401000e+04   5.2895000e+04
   6.1576000e+04   1.2230000e+03
   8.5890000e+03   2.7353000e+04
   2.5635000e+04   4.6727000e+04
   4.0399000e+04   3.7995000e+04
   2.8138000e+04   7.6400000e+02
   6.3086000e+04   3.6454000e+04
   7.8600000e+03   5.1779000e+04
   2.2730000e+03   2.5419000e+04
   5.3145000e+04   1.5269000e+04
   3.4464000e+04   1.2180000e+03
   2.8025000e+04   3.9196000e+04
   3.2509000e+04   2.4913000e+04
   1.8020000e+04   2.6585000e+04
   1.9011000e+04   4.4700000e+02
   1.4474000e+04   3.7232000e+04
   9.3680000e+03   5.6594000e+04
   6.0157000e+04   4.8847000e+04
   3.3101000e+04   3.2360000e+04
   3.4238000e+04   2.9200000e+03
   1.7430000e+03   5.4329000e+04
   9.7940000e+03   8.5530000e+03
   3.6625000e+04   1.6537000e+04
   5.9216000e+04   6.3544000e+04
   1.5923000e+04   4.9031000e+04
   1.7739000e+04   5.0940000e+04
   2.8958000e+04   4.8748000e+04
   2.4431000e+04   4.8964000e+04
   5.6350000e+03   3.9270000e+03
   3.1317000e+04   6.0087000e+04
   2.2798000e+04   4.7170000e+03
   3.8775000e+04   7.9530000e+03
   6.1983000e+04   1.8297000e+04
   2.3003000e+04   3.0300000e+03
   2.8600000e+03   3.6107000e+04
   6.5730000e+03   8.0820000e+03
   4.0600000e+03   3.8100000e+04
   6.4949000e+04   5.5498000e+04
   3.8408000e+04   1.2818000e+04
   2.1690000e+04   1.3324000e+04
   1.1350000e+03   1.4793000e+04
   1.0558000e+04   5.2471000e+04
   4.9711000e+04   2.0799000e+04
   3.8216000e+04   6.3249000e+04
   2.5221000e+04   6.3936000e+04
   4.4413000e+04   8.9430000e+03
   3.7951000e+04   3.6682000e+04
   6.0676000e+04   6.4790000e+04
   4.5961000e+04   1.2808000e+04
   1.2817000e+04   4.8167000e+04
   3.0807000e+04   7.0450000e+03
   4.0081000e+04   3.7281000e+04
   1.1989000e+04   5.0774000e+04
   4.7914000e+04   4.0630000e+04
   2.6180000e+04   3.3518000e+04
   4.3721000e+04   6.3392000e+04
   4.1961000e+04   6.3572000e+04
   2.4689000e+04   8.2300000e+02
   9.0000000e+03   3.9737000e+04
   5.3949000e+04   1.7362000e+04
   2.0207000e+04   3.1874000e+04
