   4.5510000e+04   3.5036000e+04
   5.1560000e+03   1.5719000e+04
   5.8931000e+04   3.7995000e+04
   4.1779000e+04   1.2314000e+04
   3.3777000e+04   4.0630000e+04
   3.0468000e+04   5.2052000e+04
   3.7519000e+04   1.2808000e+04
   8.5300000e+03   8.1380000e+03
   4.5530000e+03   3.6768000e+04
   2.3954000e+04   1.8297000e+04
   4.7572000e+04   3.9329000e+04
   3.2207000e+04   7.9530000e+03
   5.8639000e+04   3.9737000e+04
   4.9746000e+04   1.4630000e+04
   1.3708000e+04   5.2895000e+04
   4.4600000e+03   6.1154000e+04
   2.9010000e+03   1.2230000e+03
   5.8326000e+04   6.3544000e+04
   2.5470000e+04   3.2360000e+04
   1.5816000e+04   1.7362000e+04
   3.4342000e+04   2.9915000e+04
   6.0099000e+04   3.7281000e+04
   4.6738000e+04   8.1460000e+03
   5.6890000e+03   4.3859000e+04
   5.3119000e+04   6.4148000e+04
   5.6456000e+04   3.6682000e+04
   5.0539000e+04   5.2471000e+04
   5.5317000e+04   6.4790000e+04
   6.3646000e+04   3.8100000e+04
   1.8358000e+04   3.6454000e+04
   2.0172000e+04   5.5498000e+04
   5.2975000e+04   3.7454000e+04
   1.5009000e+04   4.7170000e+03
   4.4961000e+04   4.7202000e+04
   5.3935000e+04   5.5618000e+04
   3.6263000e+04   2.6400000e+03
   4.1093000e+04   6.3392000e+04
   5.6676000e+04   3.6107000e+04
   4.6331000e+04   1.5269000e+04
   4.2503000e+04   5.6594000e+04
   4.4739000e+04   1.9000000e+02
   3.1936000e+04   1.4793000e+04
   1.5655000e+04   4.8847000e+04
   1.6524000e+04   4.8964000e+04
   3.3477000e+04   5.6154000e+04
   4.8644000e+04   5.2436000e+04
   5.9140000e+04   2.0799000e+04
   3.8342000e+04   3.6980000e+04
   3.9837000e+04   1.3324000e+04
   1.1427000e+04   4.8748000e+04
   5.0833000e+04   5.0136000e+04
   1.0084000e+04   8.2300000e+02
   1.0015000e+04   3.9270000e+03
   5.5752000e+04   3.8389000e+04
   2.5079000e+04   4.5890000e+03
   3.4179000e+04   6.2577000e+04
   4.7857000e+04   5.0117000e+04
   4.2578000e+04   2.5419000e+04
   2.2810000e+03   2.9200000e+03
   3.0599000e+04   3.1874000e+04
   3.8595000e+04   3.7232000e+04
   1.5093000e+04   4.9296000e+04
   2.8734000e+04   8.9430000e+03
   1.9726000e+04   1.2180000e+03
   2.9413000e+04   3.1737000e+04
   5.9819000e+04   6.3572000e+04
   1.5883000e+04   3.0828000e+04
   5.0190000e+04   4.6727000e+04
   2.2699000e+04   1.6537000e+04
   2.8266000e+04   7.0450000e+03
   5.2314000e+04   1.0276000e+04
   5.1100000e+03   2.4913000e+04
   6.5141000e+04   5.4329000e+04
