   2.7850000e+04   2.5823000e+04
   6.5337000e+04   1.5719000e+04
   1.4321000e+04   3.7995000e+04
   1.9047000e+04   3.1427000e+04
   7.3400000e+02   4.0630000e+04
   2.1030000e+04   4.8113000e+04
   9.9900000e+03   1.2808000e+04
   3.6813000e+04   8.1380000e+03
   2.0080000e+03   3.6768000e+04
   4.5170000e+04   1.8297000e+04
   6.4110000e+03   1.7943000e+04
   5.7301000e+04   7.9530000e+03
   7.5850000e+03   3.9737000e+04
   3.4217000e+04   1.4594000e+04
   9.9320000e+03   5.2895000e+04
   5.5708000e+04   4.7132000e+04
   3.5170000e+03   1.2230000e+03
   6.5197000e+04   6.3544000e+04
   1.7685000e+04   3.2360000e+04
   6.0407000e+04   1.7362000e+04
   9.7450000e+03   1.6858000e+04
   5.6824000e+04   3.7281000e+04
   6.0909000e+04   6.4447000e+04
   1.1230000e+03   4.3859000e+04
   6.1822000e+04   4.2452000e+04
   5.0557000e+04   3.6682000e+04
   5.7880000e+03   5.2471000e+04
   2.3568000e+04   6.4790000e+04
   3.3608000e+04   3.8100000e+04
   4.4430000e+04   3.6454000e+04
   6.2329000e+04   5.5498000e+04
   6.0734000e+04   1.6875000e+04
   4.8728000e+04   4.7170000e+03
   2.8296000e+04   2.6494000e+04
   5.5581000e+04   5.5918000e+04
   1.1450000e+04   1.2679000e+04
   4.3767000e+04   6.3392000e+04
   4.0796000e+04   3.6107000e+04
   3.0815000e+04   1.5269000e+04
   2.9199000e+04   5.6594000e+04
   1.1775000e+04   4.3383000e+04
   1.8557000e+04   1.4793000e+04
   3.9466000e+04   4.8847000e+04
   5.3110000e+04   4.8964000e+04
   5.4845000e+04   4.6863000e+04
   1.9802000e+04   3.1594000e+04
   2.6621000e+04   2.0799000e+04
   8.4110000e+03   2.8421000e+04
   5.1244000e+04   1.3324000e+04
   4.9679000e+04   4.8748000e+04
   5.6541000e+04   3.8838000e+04
   6.1527000e+04   8.2300000e+02
   1.9410000e+04   3.9270000e+03
   1.3643000e+04   3.8389000e+04
   5.1928000e+04   4.5890000e+03
   2.6057000e+04   9.4060000e+03
   1.6038000e+04   6.0745000e+04
   4.3986000e+04   2.5419000e+04
   1.1336000e+04   2.9200000e+03
   5.6423000e+04   3.1874000e+04
   3.2321000e+04   3.7232000e+04
   3.1162000e+04   2.9773000e+04
   2.8991000e+04   8.9430000e+03
   3.0850000e+03   1.2180000e+03
   4.6230000e+03   1.9147000e+04
   4.1565000e+04   6.3572000e+04
   1.6846000e+04   3.4396000e+04
   1.5242000e+04   4.6727000e+04
   3.5559000e+04   1.6537000e+04
   3.8068000e+04   7.0450000e+03
   4.9832000e+04   1.0276000e+04
   5.2414000e+04   2.4913000e+04
   3.9384000e+04   5.4329000e+04
