   3.6087000e+04   6.1954000e+04
   4.7254000e+04   1.5719000e+04
   2.9247000e+04   3.7995000e+04
   5.0880000e+04   4.0877000e+04
   1.2523000e+04   4.0630000e+04
   3.3079000e+04   2.3498000e+04
   1.6345000e+04   1.2808000e+04
   6.4543000e+04   8.1380000e+03
   6.3757000e+04   3.6768000e+04
   1.8782000e+04   1.8297000e+04
   9.5150000e+03   1.7259000e+04
   6.0205000e+04   7.9530000e+03
   2.4527000e+04   3.9737000e+04
   4.5280000e+03   1.2434000e+04
   3.0369000e+04   5.2895000e+04
   8.3930000e+03   1.5615000e+04
   3.6554000e+04   1.2230000e+03
   2.9439000e+04   6.3544000e+04
   2.4416000e+04   3.2360000e+04
   5.2147000e+04   1.7362000e+04
   4.3429000e+04   5.5010000e+04
   9.3350000e+03   3.7281000e+04
   4.8516000e+04   6.4473000e+04
   5.4057000e+04   4.3859000e+04
   1.4149000e+04   1.2335000e+04
   3.3687000e+04   3.6682000e+04
   2.2233000e+04   5.2471000e+04
   4.0830000e+04   6.4790000e+04
   3.8665000e+04   3.8100000e+04
   6.3032000e+04   3.6454000e+04
   6.4888000e+04   5.5498000e+04
   5.3871000e+04   6.5444000e+04
   2.4111000e+04   4.7170000e+03
   3.3603000e+04   1.5333000e+04
   5.0471000e+04   3.0615000e+04
   1.8616000e+04   1.9430000e+04
   1.7435000e+04   6.3392000e+04
   5.8724000e+04   3.6107000e+04
   6.3487000e+04   1.5269000e+04
   3.2841000e+04   5.6594000e+04
   8.9160000e+03   2.7404000e+04
   6.0009000e+04   1.4793000e+04
   3.2239000e+04   4.8847000e+04
   4.2554000e+04   4.8964000e+04
   4.9618000e+04   2.6323000e+04
   4.4130000e+03   3.9332000e+04
   4.7719000e+04   2.0799000e+04
   1.9705000e+04   4.6543000e+04
   5.9609000e+04   1.3324000e+04
   5.4685000e+04   4.8748000e+04
   4.2246000e+04   1.1629000e+04
   1.8069000e+04   8.2300000e+02
   3.7469000e+04   3.9270000e+03
   2.2566000e+04   3.8389000e+04
   7.1570000e+03   4.5890000e+03
   4.0294000e+04   2.3457000e+04
   5.0705000e+04   3.6430000e+03
   1.4952000e+04   2.5419000e+04
   4.6769000e+04   2.9200000e+03
   3.7810000e+04   3.1874000e+04
   6.0088000e+04   3.7232000e+04
   5.4751000e+04   5.4433000e+04
   1.5881000e+04   8.9430000e+03
   3.0967000e+04   1.2180000e+03
   8.9960000e+03   3.5927000e+04
   1.1748000e+04   6.3572000e+04
   5.3807000e+04   5.0967000e+04
   6.0500000e+04   4.6727000e+04
   4.1979000e+04   1.6537000e+04
   4.9176000e+04   7.0450000e+03
   1.8340000e+03   1.0276000e+04
   5.6618000e+04   2.4913000e+04
   2.6046000e+04   5.4329000e+04
