   5.1608000e+04   4.0879000e+04
   3.3887000e+04   1.5719000e+04
   4.8262000e+04   3.7995000e+04
   5.9266000e+04   6.7860000e+03
   5.4283000e+04   4.0630000e+04
   5.8952000e+04   3.8998000e+04
   3.4364000e+04   1.2808000e+04
   8.1910000e+03   8.1380000e+03
   2.6840000e+04   3.6768000e+04
   1.6334000e+04   1.8297000e+04
   6.0939000e+04   1.8729000e+04
   5.9750000e+04   7.9530000e+03
   4.1987000e+04   3.9737000e+04
   1.4098000e+04   1.8283000e+04
   3.5130000e+04   5.2895000e+04
   5.3768000e+04   1.7152000e+04
   2.6670000e+04   1.2230000e+03
   1.0985000e+04   6.3544000e+04
   3.8993000e+04   3.2360000e+04
   1.5709000e+04   1.7362000e+04
   5.4713000e+04   2.4657000e+04
   4.1462000e+04   3.7281000e+04
   4.7464000e+04   2.6332000e+04
   1.9453000e+04   4.3859000e+04
   2.1004000e+04   4.9378000e+04
   3.3775000e+04   3.6682000e+04
   6.4467000e+04   5.2471000e+04
   3.5840000e+03   6.4790000e+04
   2.2477000e+04   3.8100000e+04
   6.4167000e+04   3.6454000e+04
   3.7348000e+04   5.5498000e+04
   1.5804000e+04   2.1327000e+04
   5.2126000e+04   4.7170000e+03
   2.7277000e+04   2.2277000e+04
   4.2425000e+04   2.6105000e+04
   2.7018000e+04   3.9554000e+04
   5.2046000e+04   6.3392000e+04
   3.0489000e+04   3.6107000e+04
   6.2710000e+03   1.5269000e+04
   5.5422000e+04   5.6594000e+04
   2.9082000e+04   1.6538000e+04
   3.7624000e+04   1.4793000e+04
   1.4080000e+03   4.8847000e+04
   1.5422000e+04   4.8964000e+04
   5.9059000e+04   1.8972000e+04
   4.7639000e+04   3.1242000e+04
   2.2785000e+04   2.0799000e+04
   5.8858000e+04   6.4667000e+04
   2.1846000e+04   1.3324000e+04
   5.1798000e+04   4.8748000e+04
   2.0891000e+04   4.9661000e+04
   5.1197000e+04   8.2300000e+02
   1.7962000e+04   3.9270000e+03
   4.4195000e+04   3.8389000e+04
   1.6561000e+04   4.5890000e+03
   9.8550000e+03   5.9927000e+04
   3.0186000e+04   4.2482000e+04
   2.7000000e+03   2.5419000e+04
   5.9553000e+04   2.9200000e+03
   5.0423000e+04   3.1874000e+04
   3.2436000e+04   3.7232000e+04
   2.2290000e+04   5.2967000e+04
   3.8300000e+03   8.9430000e+03
   4.0927000e+04   1.2180000e+03
   1.6031000e+04   6.4737000e+04
   1.1430000e+04   6.3572000e+04
   2.0339000e+04   6.4551000e+04
   2.9526000e+04   4.6727000e+04
   6.4630000e+03   1.6537000e+04
   4.7565000e+04   7.0450000e+03
   4.1742000e+04   1.0276000e+04
   6.3915000e+04   2.4913000e+04
   6.5327000e+04   5.4329000e+04
