   3.3004000e+04   4.3691000e+04
   3.1787000e+04   1.5719000e+04
   6.8730000e+03   3.7995000e+04
   3.1231000e+04   4.2378000e+04
   6.1476000e+04   4.0630000e+04
   3.8504000e+04   5.5435000e+04
   1.6370000e+04   1.2808000e+04
   9.2090000e+03   8.1380000e+03
   1.8482000e+04   3.6768000e+04
   2.7748000e+04   1.8297000e+04
   2.2148000e+04   3.0834000e+04
   1.4980000e+03   7.9530000e+03
   8.0530000e+03   3.9737000e+04
   2.2214000e+04   5.0631000e+04
   2.1663000e+04   5.2895000e+04
   9.8900000e+03   1.0282000e+04
   5.6455000e+04   1.2230000e+03
   5.5247000e+04   6.3544000e+04
   4.8914000e+04   3.2360000e+04
   5.1170000e+04   1.7362000e+04
   4.4921000e+04   2.2560000e+03
   2.9532000e+04   3.7281000e+04
   5.5098000e+04   5.7801000e+04
   4.3105000e+04   4.3859000e+04
   2.9335000e+04   5.8610000e+04
   5.2502000e+04   3.6682000e+04
   6.1859000e+04   5.2471000e+04
   7.2060000e+03   6.4790000e+04
   4.5349000e+04   3.8100000e+04
   3.1490000e+04   3.6454000e+04
   2.5939000e+04   5.5498000e+04
   1.0783000e+04   8.1100000e+02
   3.7180000e+03   4.7170000e+03
   6.0920000e+04   2.9757000e+04
   1.7870000e+04   2.4101000e+04
   3.9099000e+04   2.6093000e+04
   7.3090000e+03   6.3392000e+04
   3.4094000e+04   3.6107000e+04
   6.2810000e+04   1.5269000e+04
   4.0974000e+04   5.6594000e+04
   2.6213000e+04   5.6290000e+04
   5.5879000e+04   1.4793000e+04
   4.4245000e+04   4.8847000e+04
   4.9592000e+04   4.8964000e+04
   3.5293000e+04   5.7289000e+04
   5.7000000e+04   3.4151000e+04
   9.5360000e+03   2.0799000e+04
   1.7804000e+04   5.1800000e+03
   4.6474000e+04   1.3324000e+04
   2.3890000e+03   4.8748000e+04
   2.8044000e+04   3.7505000e+04
   1.6278000e+04   8.2300000e+02
   5.5740000e+04   3.9270000e+03
   3.2927000e+04   3.8389000e+04
   2.6549000e+04   4.5890000e+03
   5.8137000e+04   5.4701000e+04
   3.7785000e+04   5.7798000e+04
   3.8630000e+04   2.5419000e+04
   5.9679000e+04   2.9200000e+03
   2.8570000e+03   3.1874000e+04
   4.2663000e+04   3.7232000e+04
   6.2167000e+04   1.5548000e+04
   6.5434000e+04   8.9430000e+03
   2.8854000e+04   1.2180000e+03
   2.9166000e+04   1.8674000e+04
   6.1081000e+04   6.3572000e+04
   3.9179000e+04   2.0792000e+04
   1.3603000e+04   4.6727000e+04
   2.0743000e+04   1.6537000e+04
   1.5955000e+04   7.0450000e+03
   4.0783000e+04   1.0276000e+04
   6.2602000e+04   2.4913000e+04
   1.3037000e+04   5.4329000e+04
