   1.5467000e+04   4.0930000e+03
   1.8415000e+04   1.5719000e+04
   5.1669000e+04   3.7995000e+04
   4.8680000e+04   1.6259000e+04
   2.3443000e+04   4.0630000e+04
   4.7910000e+04   1.7700000e+02
   4.6249000e+04   1.2808000e+04
   5.9497000e+04   8.1380000e+03
   2.4407000e+04   3.6768000e+04
   4.3757000e+04   1.8297000e+04
   8.3800000e+03   5.1016000e+04
   4.5190000e+03   7.9530000e+03
   4.3610000e+04   3.9737000e+04
   6.7710000e+03   5.0231000e+04
   4.4110000e+04   5.2895000e+04
   2.7721000e+04   5.0331000e+04
   1.3086000e+04   1.2230000e+03
   1.0481000e+04   6.3544000e+04
   1.8232000e+04   3.2360000e+04
   4.9787000e+04   1.7362000e+04
   5.5834000e+04   3.6615000e+04
   8.6010000e+03   3.7281000e+04
   1.9855000e+04   2.1153000e+04
   2.8341000e+04   4.3859000e+04
   5.3062000e+04   8.9310000e+03
   3.4360000e+04   3.6682000e+04
   9.2210000e+03   5.2471000e+04
   3.3624000e+04   6.4790000e+04
   1.6060000e+03   3.8100000e+04
   4.3413000e+04   3.6454000e+04
   1.0829000e+04   5.5498000e+04
   4.4870000e+04   4.4233000e+04
   7.6580000e+03   4.7170000e+03
   6.0987000e+04   4.0101000e+04
   2.5172000e+04   5.8134000e+04
   3.2841000e+04   4.1459000e+04
   5.7261000e+04   6.3392000e+04
   2.5055000e+04   3.6107000e+04
   2.0440000e+03   1.5269000e+04
   5.4685000e+04   5.6594000e+04
   1.5059000e+04   2.5161000e+04
   5.1982000e+04   1.4793000e+04
   4.2504000e+04   4.8847000e+04
   5.0120000e+03   4.8964000e+04
   2.9072000e+04   3.7860000e+03
   1.8750000e+04   2.6672000e+04
   5.9417000e+04   2.0799000e+04
   3.0826000e+04   1.2500000e+04
   3.6125000e+04   1.3324000e+04
   1.5253000e+04   4.8748000e+04
   1.7939000e+04   3.2491000e+04
   4.1111000e+04   8.2300000e+02
   3.4803000e+04   3.9270000e+03
   6.4713000e+04   3.8389000e+04
   3.6527000e+04   4.5890000e+03
   2.8454000e+04   6.2982000e+04
   4.8233000e+04   6.0610000e+04
   2.4732000e+04   2.5419000e+04
   5.5355000e+04   2.9200000e+03
   5.0403000e+04   3.1874000e+04
   2.8594000e+04   3.7232000e+04
   8.8680000e+03   1.2423000e+04
   4.0302000e+04   8.9430000e+03
   2.9906000e+04   1.2180000e+03
   2.0212000e+04   3.5649000e+04
   3.3780000e+03   6.3572000e+04
   2.3236000e+04   3.7607000e+04
   5.9662000e+04   4.6727000e+04
   3.4242000e+04   1.6537000e+04
   5.0058000e+04   7.0450000e+03
   2.8860000e+03   1.0276000e+04
   5.7536000e+04   2.4913000e+04
   4.1500000e+02   5.4329000e+04
