   5.3487000e+04   7.2370000e+03
   4.1729000e+04   1.5719000e+04
   6.3247000e+04   3.7995000e+04
   3.9499000e+04   4.0697000e+04
   4.1266000e+04   4.0630000e+04
   3.3323000e+04   5.3805000e+04
   6.4006000e+04   1.2808000e+04
   3.7839000e+04   8.1380000e+03
   3.4132000e+04   3.6768000e+04
   1.1790000e+04   1.8297000e+04
   4.0190000e+04   4.5417000e+04
   1.8204000e+04   7.9530000e+03
   3.7909000e+04   3.9737000e+04
   5.4591000e+04   4.8027000e+04
   5.8870000e+04   5.2895000e+04
   5.2797000e+04   7.0690000e+03
   1.3482000e+04   1.2230000e+03
   2.5464000e+04   6.3544000e+04
   1.3633000e+04   3.2360000e+04
   4.1860000e+04   1.7362000e+04
   1.4034000e+04   3.1596000e+04
   2.8073000e+04   3.7281000e+04
   3.9594000e+04   2.7950000e+03
   2.9356000e+04   4.3859000e+04
   4.3501000e+04   3.3085000e+04
   3.3879000e+04   3.6682000e+04
   5.0030000e+04   5.2471000e+04
   5.0147000e+04   6.4790000e+04
   6.1525000e+04   3.8100000e+04
   1.6490000e+04   3.6454000e+04
   1.2860000e+03   5.5498000e+04
   2.0796000e+04   1.6950000e+04
   3.0919000e+04   4.7170000e+03
   3.1322000e+04   2.7232000e+04
   5.0430000e+04   4.6071000e+04
   3.8093000e+04   4.3539000e+04
   4.8034000e+04   6.3392000e+04
   2.0040000e+04   3.6107000e+04
   1.5470000e+03   1.5269000e+04
   4.4246000e+04   5.6594000e+04
   3.9356000e+04   1.3683000e+04
   5.5015000e+04   1.4793000e+04
   3.4820000e+03   4.8847000e+04
   3.0653000e+04   4.8964000e+04
   4.5644000e+04   3.5132000e+04
   1.8717000e+04   5.2767000e+04
   5.0846000e+04   2.0799000e+04
   5.8577000e+04   1.3399000e+04
   2.5782000e+04   1.3324000e+04
   5.0230000e+03   4.8748000e+04
   2.1756000e+04   6.1470000e+03
   4.1200000e+03   8.2300000e+02
   2.3298000e+04   3.9270000e+03
   8.0050000e+03   3.8389000e+04
   6.4539000e+04   4.5890000e+03
   4.1595000e+04   4.4634000e+04
   3.8713000e+04   2.6820000e+03
   5.3731000e+04   2.5419000e+04
   1.0834000e+04   2.9200000e+03
   4.6108000e+04   3.1874000e+04
   6.1852000e+04   3.7232000e+04
   7.5330000e+03   2.2140000e+04
   1.6031000e+04   8.9430000e+03
   5.7240000e+03   1.2180000e+03
   1.9965000e+04   9.9230000e+03
   5.2233000e+04   6.3572000e+04
   5.7743000e+04   4.5389000e+04
   2.2636000e+04   4.6727000e+04
   6.0355000e+04   1.6537000e+04
   4.9914000e+04   7.0450000e+03
   1.0366000e+04   1.0276000e+04
   6.8100000e+03   2.4913000e+04
   1.9502000e+04   5.4329000e+04
