   3.0953000e+04   3.6600000e+04
   6.4587000e+04   1.5719000e+04
   2.7450000e+03   3.7995000e+04
   4.4836000e+04   1.2585000e+04
   2.1558000e+04   4.0630000e+04
   1.2915000e+04   1.4502000e+04
   2.5466000e+04   1.2808000e+04
   3.0803000e+04   8.1380000e+03
   1.8716000e+04   3.6768000e+04
   1.1129000e+04   1.8297000e+04
   4.5417000e+04   1.1128000e+04
   1.7490000e+04   7.9530000e+03
   6.2448000e+04   3.9737000e+04
   2.6041000e+04   5.5696000e+04
   3.2241000e+04   5.2895000e+04
   6.0815000e+04   3.8136000e+04
   2.4380000e+03   1.2230000e+03
   2.5403000e+04   6.3544000e+04
   1.8360000e+04   3.2360000e+04
   6.0604000e+04   1.7362000e+04
   4.9700000e+04   2.9169000e+04
   8.6000000e+01   3.7281000e+04
   1.1807000e+04   4.7421000e+04
   1.6178000e+04   4.3859000e+04
   2.8010000e+04   8.9770000e+03
   1.2345000e+04   3.6682000e+04
   6.1294000e+04   5.2471000e+04
   6.0650000e+03   6.4790000e+04
   5.7019000e+04   3.8100000e+04
   5.1303000e+04   3.6454000e+04
   4.7098000e+04   5.5498000e+04
   3.9243000e+04   4.0500000e+02
   4.6535000e+04   4.7170000e+03
   3.6661000e+04   6.4029000e+04
   3.8171000e+04   5.8153000e+04
   1.6619000e+04   1.5756000e+04
   6.5245000e+04   6.3392000e+04
   3.5934000e+04   3.6107000e+04
   5.6699000e+04   1.5269000e+04
   6.7340000e+03   5.6594000e+04
   1.6946000e+04   2.0878000e+04
   6.3059000e+04   1.4793000e+04
   5.9800000e+03   4.8847000e+04
   2.5343000e+04   4.8964000e+04
   3.0341000e+04   7.8120000e+03
   3.9305000e+04   4.7450000e+03
   3.3108000e+04   2.0799000e+04
   1.1531000e+04   1.1345000e+04
   4.1820000e+04   1.3324000e+04
   5.5123000e+04   4.8748000e+04
   3.8121000e+04   1.1109000e+04
   2.2719000e+04   8.2300000e+02
   3.0713000e+04   3.9270000e+03
   7.6340000e+03   3.8389000e+04
   2.9534000e+04   4.5890000e+03
   6.0929000e+04   1.9533000e+04
   5.4851000e+04   1.9238000e+04
   4.8791000e+04   2.5419000e+04
   3.7562000e+04   2.9200000e+03
   4.1544000e+04   3.1874000e+04
   3.9684000e+04   3.7232000e+04
   1.8924000e+04   4.3507000e+04
   5.0510000e+04   8.9430000e+03
   1.5701000e+04   1.2180000e+03
   2.7186000e+04   4.6124000e+04
   2.3854000e+04   6.3572000e+04
   1.3821000e+04   3.5455000e+04
   3.0650000e+03   4.6727000e+04
   3.0980000e+03   1.6537000e+04
   5.1976000e+04   7.0450000e+03
   1.7793000e+04   1.0276000e+04
   3.8520000e+03   2.4913000e+04
   2.7598000e+04   5.4329000e+04
