   5.3577000e+04   3.7422000e+04
   6.3489000e+04   1.5719000e+04
   5.1759000e+04   3.7995000e+04
   1.1876000e+04   3.1374000e+04
   2.3813000e+04   4.0630000e+04
   1.7987000e+04   4.3841000e+04
   6.2570000e+03   1.2808000e+04
   4.6940000e+04   8.1380000e+03
   4.0793000e+04   3.6768000e+04
   6.4907000e+04   1.8297000e+04
   8.5390000e+03   6.0813000e+04
   8.2000000e+01   7.9530000e+03
   6.0696000e+04   3.9737000e+04
   4.3353000e+04   7.2170000e+03
   3.7430000e+03   5.2895000e+04
   1.8955000e+04   2.8259000e+04
   3.1514000e+04   1.2230000e+03
   2.9819000e+04   6.3544000e+04
   3.9641000e+04   3.2360000e+04
   1.0713000e+04   1.7362000e+04
   2.7192000e+04   7.9420000e+03
   2.5647000e+04   3.7281000e+04
   5.6883000e+04   7.5860000e+03
   4.0369000e+04   4.3859000e+04
   4.5558000e+04   3.0231000e+04
   3.5884000e+04   3.6682000e+04
   1.7508000e+04   5.2471000e+04
   2.5481000e+04   6.4790000e+04
   4.6258000e+04   3.8100000e+04
   5.1391000e+04   3.6454000e+04
   1.4630000e+04   5.5498000e+04
   6.0850000e+04   1.8322000e+04
   5.3290000e+04   4.7170000e+03
   5.0867000e+04   2.4220000e+04
   5.5684000e+04   6.4194000e+04
   1.8713000e+04   5.8100000e+04
   2.6271000e+04   6.3392000e+04
   3.3784000e+04   3.6107000e+04
   1.6125000e+04   1.5269000e+04
   4.8164000e+04   5.6594000e+04
   3.1240000e+04   2.5311000e+04
   5.6195000e+04   1.4793000e+04
   6.1272000e+04   4.8847000e+04
   6.3694000e+04   4.8964000e+04
   2.3125000e+04   1.5957000e+04
   5.8706000e+04   3.6719000e+04
   9.0590000e+03   2.0799000e+04
   4.6393000e+04   3.2854000e+04
   1.4196000e+04   1.3324000e+04
   3.4330000e+03   4.8748000e+04
   1.8825000e+04   1.2588000e+04
   2.5010000e+04   8.2300000e+02
   3.5963000e+04   3.9270000e+03
   6.5348000e+04   3.8389000e+04
   6.0407000e+04   4.5890000e+03
   5.6490000e+03   6.3937000e+04
   6.1008000e+04   6.3430000e+03
   6.2195000e+04   2.5419000e+04
   2.8633000e+04   2.9200000e+03
   3.9100000e+03   3.1874000e+04
   4.5989000e+04   3.7232000e+04
   3.3130000e+04   1.3912000e+04
   9.2680000e+03   8.9430000e+03
   1.7401000e+04   1.2180000e+03
   6.0930000e+04   2.4871000e+04
   1.8637000e+04   6.3572000e+04
   1.4828000e+04   4.4846000e+04
   3.6435000e+04   4.6727000e+04
   3.6089000e+04   1.6537000e+04
   5.0292000e+04   7.0450000e+03
   5.7433000e+04   1.0276000e+04
   4.5487000e+04   2.4913000e+04
   1.5021000e+04   5.4329000e+04
