   3.4078000e+04   5.6836000e+04
   2.7190000e+03   1.5719000e+04
   5.1580000e+03   3.7995000e+04
   2.7304000e+04   2.4161000e+04
   3.6001000e+04   4.0630000e+04
   3.5454000e+04   3.8787000e+04
   6.3473000e+04   1.2808000e+04
   5.4579000e+04   8.1380000e+03
   1.9178000e+04   3.6768000e+04
   6.2723000e+04   1.8297000e+04
   2.2796000e+04   4.4140000e+03
   4.8650000e+03   7.9530000e+03
   2.9782000e+04   3.9737000e+04
   5.3757000e+04   8.8500000e+02
   5.8285000e+04   5.2895000e+04
   4.8704000e+04   1.4409000e+04
   2.0969000e+04   1.2230000e+03
   4.2839000e+04   6.3544000e+04
   2.2070000e+04   3.2360000e+04
   1.3576000e+04   1.7362000e+04
   4.2639000e+04   2.6894000e+04
   2.9212000e+04   3.7281000e+04
   4.6703000e+04   6.3509000e+04
   1.1955000e+04   4.3859000e+04
   5.5873000e+04   3.5726000e+04
   4.8815000e+04   3.6682000e+04
   2.4722000e+04   5.2471000e+04
   3.0895000e+04   6.4790000e+04
   2.3934000e+04   3.8100000e+04
   5.7990000e+04   3.6454000e+04
   1.9274000e+04   5.5498000e+04
   4.5530000e+03   3.9734000e+04
   6.3688000e+04   4.7170000e+03
   3.2463000e+04   6.1894000e+04
   4.7519000e+04   5.4320000e+04
   4.7281000e+04   1.1845000e+04
   6.1807000e+04   6.3392000e+04
   3.2173000e+04   3.6107000e+04
   2.7484000e+04   1.5269000e+04
   1.4405000e+04   5.6594000e+04
   3.3309000e+04   3.0720000e+04
   5.2113000e+04   1.4793000e+04
   3.7760000e+04   4.8847000e+04
   5.7711000e+04   4.8964000e+04
   7.8160000e+03   7.9360000e+03
   4.5519000e+04   4.2408000e+04
   1.3717000e+04   2.0799000e+04
   1.4523000e+04   1.6380000e+03
   7.1570000e+03   1.3324000e+04
   4.8390000e+04   4.8748000e+04
   4.3311000e+04   4.3900000e+02
   1.2940000e+03   8.2300000e+02
   4.8926000e+04   3.9270000e+03
   3.9647000e+04   3.8389000e+04
   2.5555000e+04   4.5890000e+03
   5.2831000e+04   3.6620000e+04
   1.6024000e+04   3.0727000e+04
   5.3385000e+04   2.5419000e+04
   3.3970000e+03   2.9200000e+03
   5.6072000e+04   3.1874000e+04
   5.5724000e+04   3.7232000e+04
   3.8397000e+04   1.5020000e+03
   4.0058000e+04   8.9430000e+03
   6.2555000e+04   1.2180000e+03
   4.3599000e+04   5.6650000e+03
   3.3597000e+04   6.3572000e+04
   9.7380000e+03   5.9570000e+03
   1.7684000e+04   4.6727000e+04
   3.6227000e+04   1.6537000e+04
   3.9877000e+04   7.0450000e+03
   1.4209000e+04   1.0276000e+04
   6.3263000e+04   2.4913000e+04
   2.5027000e+04   5.4329000e+04
