   2.7786000e+04   4.5304000e+04
   5.0086000e+04   1.5719000e+04
   6.2252000e+04   3.7995000e+04
   3.2142000e+04   5.5523000e+04
   1.8309000e+04   4.0630000e+04
   3.5198000e+04   5.7827000e+04
   5.5290000e+04   1.2808000e+04
   3.6388000e+04   8.1380000e+03
   1.1391000e+04   3.6768000e+04
   4.4975000e+04   1.8297000e+04
   2.4811000e+04   6.1803000e+04
   3.3021000e+04   7.9530000e+03
   6.2908000e+04   3.9737000e+04
   4.2711000e+04   2.0460000e+03
   2.3540000e+03   5.2895000e+04
   1.6995000e+04   5.4031000e+04
   2.3382000e+04   1.2230000e+03
   4.4511000e+04   6.3544000e+04
   5.3072000e+04   3.2360000e+04
   2.2628000e+04   1.7362000e+04
   3.2551000e+04   1.9706000e+04
   6.1321000e+04   3.7281000e+04
   2.4342000e+04   4.6370000e+04
   2.8210000e+04   4.3859000e+04
   9.8100000e+03   1.4290000e+03
   3.0145000e+04   3.6682000e+04
   2.8942000e+04   5.2471000e+04
   5.8751000e+04   6.4790000e+04
   8.3800000e+03   3.8100000e+04
   2.5201000e+04   3.6454000e+04
   3.8523000e+04   5.5498000e+04
   1.6897000e+04   2.8448000e+04
   6.0080000e+03   4.7170000e+03
   4.5450000e+04   5.0797000e+04
   1.1630000e+04   4.0766000e+04
   4.3131000e+04   4.3889000e+04
   1.6342000e+04   6.3392000e+04
   3.5430000e+03   3.6107000e+04
   5.3708000e+04   1.5269000e+04
   5.8288000e+04   5.6594000e+04
   2.8405000e+04   1.4460000e+03
   1.4051000e+04   1.4793000e+04
   5.7928000e+04   4.8847000e+04
   1.2735000e+04   4.8964000e+04
   4.1340000e+04   3.7467000e+04
   1.1581000e+04   4.4526000e+04
   5.0847000e+04   2.0799000e+04
   2.5787000e+04   5.8845000e+04
   2.2559000e+04   1.3324000e+04
   5.5374000e+04   4.8748000e+04
   1.9643000e+04   4.3410000e+03
   3.6676000e+04   8.2300000e+02
   3.0310000e+03   3.9270000e+03
   5.7844000e+04   3.8389000e+04
   3.0604000e+04   4.5890000e+03
   2.9398000e+04   1.7095000e+04
   4.7944000e+04   5.5410000e+04
   5.0285000e+04   2.5419000e+04
   5.6492000e+04   2.9200000e+03
   3.2890000e+03   3.1874000e+04
   1.7503000e+04   3.7232000e+04
   6.1148000e+04   2.0236000e+04
   7.5010000e+03   8.9430000e+03
   4.5681000e+04   1.2180000e+03
   5.2461000e+04   1.2589000e+04
   9.0130000e+03   6.3572000e+04
   3.9671000e+04   3.9834000e+04
   2.5958000e+04   4.6727000e+04
   6.0515000e+04   1.6537000e+04
   5.0709000e+04   7.0450000e+03
   5.8005000e+04   1.0276000e+04
   4.9465000e+04   2.4913000e+04
   6.2733000e+04   5.4329000e+04
