   1.0475000e+04   2.9628000e+04
   2.0612000e+04   1.5719000e+04
   2.6543000e+04   3.7995000e+04
   5.9024000e+04   2.9146000e+04
   3.0890000e+03   4.0630000e+04
   3.0293000e+04   6.1465000e+04
   2.8310000e+03   1.2808000e+04
   8.2750000e+03   8.1380000e+03
   3.5546000e+04   3.6768000e+04
   5.8394000e+04   1.8297000e+04
   8.4600000e+03   2.3510000e+03
   6.5292000e+04   7.9530000e+03
   5.1140000e+04   3.9737000e+04
   1.8876000e+04   1.4406000e+04
   1.8732000e+04   5.2895000e+04
   5.4819000e+04   1.1394000e+04
   4.9675000e+04   1.2230000e+03
   1.1227000e+04   6.3544000e+04
   3.5157000e+04   3.2360000e+04
   5.0948000e+04   1.7362000e+04
   9.8270000e+03   3.0597000e+04
   2.9689000e+04   3.7281000e+04
   4.3621000e+04   4.6330000e+03
   1.2151000e+04   4.3859000e+04
   4.1335000e+04   4.9400000e+04
   4.0395000e+04   3.6682000e+04
   2.1520000e+04   5.2471000e+04
   6.5401000e+04   6.4790000e+04
   2.2260000e+04   3.8100000e+04
   2.5786000e+04   3.6454000e+04
   4.6190000e+03   5.5498000e+04
   2.8986000e+04   5.6554000e+04
   5.8847000e+04   4.7170000e+03
   3.6629000e+04   4.0101000e+04
   4.0235000e+04   2.3345000e+04
   1.2522000e+04   4.1840000e+03
   5.1250000e+04   6.3392000e+04
   6.0154000e+04   3.6107000e+04
   5.1551000e+04   1.5269000e+04
   6.0960000e+04   5.6594000e+04
   2.7138000e+04   6.3233000e+04
   6.5021000e+04   1.4793000e+04
   2.2810000e+03   4.8847000e+04
   1.4470000e+04   4.8964000e+04
   2.7285000e+04   1.0807000e+04
   4.6409000e+04   2.0730000e+04
   2.7679000e+04   2.0799000e+04
   2.2794000e+04   1.2306000e+04
   4.0484000e+04   1.3324000e+04
   4.9863000e+04   4.8748000e+04
   4.6313000e+04   4.9867000e+04
   1.2068000e+04   8.2300000e+02
   2.3391000e+04   3.9270000e+03
   3.5945000e+04   3.8389000e+04
   1.9450000e+04   4.5890000e+03
   8.7700000e+03   3.3014000e+04
   9.8750000e+03   2.2611000e+04
   3.1520000e+04   2.5419000e+04
   5.1070000e+03   2.9200000e+03
   4.1077000e+04   3.1874000e+04
   2.3880000e+03   3.7232000e+04
   1.3774000e+04   3.8341000e+04
   5.5151000e+04   8.9430000e+03
   2.5587000e+04   1.2180000e+03
   1.2867000e+04   2.5188000e+04
   4.9910000e+03   6.3572000e+04
   1.7921000e+04   4.9316000e+04
   3.9794000e+04   4.6727000e+04
   3.8924000e+04   1.6537000e+04
   3.8133000e+04   7.0450000e+03
   2.9118000e+04   1.0276000e+04
   5.6490000e+04   2.4913000e+04
   5.5667000e+04   5.4329000e+04
