   4.9710000e+04   2.9787000e+04
   1.8859000e+04   1.5719000e+04
   3.6808000e+04   3.7995000e+04
   1.6026000e+04   3.8900000e+04
   5.9322000e+04   4.0630000e+04
   2.1257000e+04   1.3056000e+04
   5.0095000e+04   1.2808000e+04
   5.1000000e+03   8.1380000e+03
   3.4092000e+04   3.6768000e+04
   5.9683000e+04   1.8297000e+04
   4.0367000e+04   3.6121000e+04
   5.2472000e+04   7.9530000e+03
   1.4252000e+04   3.9737000e+04
   4.9631000e+04   5.2700000e+04
   6.0646000e+04   5.2895000e+04
   4.5839000e+04   1.2653000e+04
   6.3524000e+04   1.2230000e+03
   4.2770000e+03   6.3544000e+04
   5.5978000e+04   3.2360000e+04
   1.1639000e+04   1.7362000e+04
   1.6072000e+04   2.2250000e+04
   4.1740000e+03   3.7281000e+04
   8.8560000e+03   5.9048000e+04
   2.8918000e+04   4.3859000e+04
   2.9453000e+04   1.8303000e+04
   1.2372000e+04   3.6682000e+04
   5.6295000e+04   5.2471000e+04
   5.4740000e+03   6.4790000e+04
   6.4301000e+04   3.8100000e+04
   5.3770000e+03   3.6454000e+04
   6.4848000e+04   5.5498000e+04
   3.9678000e+04   6.2875000e+04
   6.5446000e+04   4.7170000e+03
   2.3242000e+04   8.6310000e+03
   3.9503000e+04   6.8190000e+03
   3.9439000e+04   4.9506000e+04
   2.7582000e+04   6.3392000e+04
   3.1373000e+04   3.6107000e+04
   3.1142000e+04   1.5269000e+04
   5.8543000e+04   5.6594000e+04
   4.7790000e+04   4.7940000e+03
   3.9130000e+03   1.4793000e+04
   6.0995000e+04   4.8847000e+04
   1.2510000e+04   4.8964000e+04
   3.5628000e+04   4.4649000e+04
   4.5487000e+04   1.1811000e+04
   3.2256000e+04   2.0799000e+04
   2.3927000e+04   3.3400000e+02
   3.4703000e+04   1.3324000e+04
   4.7189000e+04   4.8748000e+04
   4.5647000e+04   2.3081000e+04
   5.2998000e+04   8.2300000e+02
   4.0950000e+04   3.9270000e+03
   4.7406000e+04   3.8389000e+04
   5.6710000e+03   4.5890000e+03
   2.6426000e+04   2.9896000e+04
   1.5861000e+04   2.4404000e+04
   1.3757000e+04   2.5419000e+04
   1.1078000e+04   2.9200000e+03
   7.0390000e+03   3.1874000e+04
   3.5038000e+04   3.7232000e+04
   5.0798000e+04   1.3000000e+02
   5.6782000e+04   8.9430000e+03
   2.6620000e+04   1.2180000e+03
   8.9490000e+03   6.1267000e+04
   2.1591000e+04   6.3572000e+04
   3.7518000e+04   6.0769000e+04
   6.3938000e+04   4.6727000e+04
   4.0778000e+04   1.6537000e+04
   6.5140000e+04   7.0450000e+03
   5.6354000e+04   1.0276000e+04
   6.3613000e+04   2.4913000e+04
   1.0258000e+04   5.4329000e+04
