   3.3994000e+04   6.2740000e+04
   6.2651000e+04   1.5719000e+04
   3.5959000e+04   3.7995000e+04
   5.1775000e+04   3.4619000e+04
   2.7372000e+04   4.0630000e+04
   4.0675000e+04   2.2828000e+04
   3.1527000e+04   1.2808000e+04
   6.2945000e+04   8.1380000e+03
   4.2156000e+04   3.6768000e+04
   5.6578000e+04   1.8297000e+04
   3.2709000e+04   3.2483000e+04
   2.0620000e+04   7.9530000e+03
   5.4466000e+04   3.9737000e+04
   4.8443000e+04   1.9943000e+04
   8.4050000e+03   5.2895000e+04
   2.5007000e+04   1.3743000e+04
   5.9775000e+04   1.2230000e+03
   3.8732000e+04   6.3544000e+04
   1.3058000e+04   3.2360000e+04
   4.2354000e+04   1.7362000e+04
   9.7770000e+03   5.5145000e+04
   5.3029000e+04   3.7281000e+04
   2.1983000e+04   6.2640000e+03
   3.1437000e+04   4.3859000e+04
   3.6237000e+04   1.3652000e+04
   5.0278000e+04   3.6682000e+04
   3.6747000e+04   5.2471000e+04
   3.8159000e+04   6.4790000e+04
   4.4563000e+04   3.8100000e+04
   5.1221000e+04   3.6454000e+04
   4.8067000e+04   5.5498000e+04
   1.4686000e+04   1.3488000e+04
   2.3396000e+04   4.7170000e+03
   5.8920000e+04   1.6478000e+04
   4.6395000e+04   3.8168000e+04
   4.6282000e+04   2.7386000e+04
   2.9055000e+04   6.3392000e+04
   3.0930000e+03   3.6107000e+04
   2.7769000e+04   1.5269000e+04
   1.6439000e+04   5.6594000e+04
   4.5875000e+04   2.4463000e+04
   4.5360000e+03   1.4793000e+04
   3.5557000e+04   4.8847000e+04
   3.7420000e+03   4.8964000e+04
   4.7827000e+04   2.8734000e+04
   2.2797000e+04   2.7769000e+04
   3.5855000e+04   2.0799000e+04
   1.4930000e+04   5.6086000e+04
   6.0116000e+04   1.3324000e+04
   3.8867000e+04   4.8748000e+04
   2.4812000e+04   5.1141000e+04
   6.3595000e+04   8.2300000e+02
   1.5343000e+04   3.9270000e+03
   4.3906000e+04   3.8389000e+04
   2.4090000e+03   4.5890000e+03
   4.3470000e+04   7.3240000e+03
   3.4369000e+04   2.9937000e+04
   1.6667000e+04   2.5419000e+04
   2.2300000e+03   2.9200000e+03
   2.7285000e+04   3.1874000e+04
   9.4980000e+03   3.7232000e+04
   3.1217000e+04   4.6166000e+04
   1.3005000e+04   8.9430000e+03
   4.6840000e+03   1.2180000e+03
   5.2131000e+04   2.5599000e+04
   6.4503000e+04   6.3572000e+04
   4.0529000e+04   5.4729000e+04
   4.8548000e+04   4.6727000e+04
   2.2179000e+04   1.6537000e+04
   1.2758000e+04   7.0450000e+03
   9.1250000e+03   1.0276000e+04
   1.9180000e+04   2.4913000e+04
   5.8446000e+04   5.4329000e+04
