   1.4588000e+04   2.2078000e+04
   6.5270000e+04   1.5719000e+04
   4.2602000e+04   3.7995000e+04
   5.1930000e+04   6.3100000e+02
   3.3662000e+04   4.0630000e+04
   1.2830000e+04   2.2627000e+04
   4.9360000e+03   1.2808000e+04
   5.8267000e+04   8.1380000e+03
   2.4517000e+04   3.6768000e+04
   1.8990000e+03   1.8297000e+04
   3.3981000e+04   9.7640000e+03
   5.5505000e+04   7.9530000e+03
   4.9695000e+04   3.9737000e+04
   2.1740000e+04   1.6578000e+04
   2.1081000e+04   5.2895000e+04
   9.9700000e+03   4.4087000e+04
   4.6282000e+04   1.2230000e+03
   1.8767000e+04   6.3544000e+04
   7.1510000e+03   3.2360000e+04
   2.8669000e+04   1.7362000e+04
   4.4809000e+04   2.9440000e+03
   5.9150000e+04   3.7281000e+04
   3.1497000e+04   8.2780000e+03
   2.0908000e+04   4.3859000e+04
   3.5546000e+04   4.8208000e+04
   3.0200000e+03   3.6682000e+04
   6.3740000e+04   5.2471000e+04
   3.5814000e+04   6.4790000e+04
   4.2025000e+04   3.8100000e+04
   6.3021000e+04   3.6454000e+04
   6.5356000e+04   5.5498000e+04
   1.0945000e+04   5.0143000e+04
   2.5620000e+03   4.7170000e+03
   3.7722000e+04   1.5271000e+04
   1.1693000e+04   2.3980000e+04
   2.3756000e+04   6.4277000e+04
   2.7721000e+04   6.3392000e+04
   1.8613000e+04   3.6107000e+04
   5.1100000e+04   1.5269000e+04
   2.3270000e+03   5.6594000e+04
   1.0621000e+04   6.8400000e+02
   1.5748000e+04   1.4793000e+04
   4.9173000e+04   4.8847000e+04
   3.4450000e+04   4.8964000e+04
   3.9642000e+04   6.3930000e+04
   3.0908000e+04   1.9726000e+04
   1.0472000e+04   2.0799000e+04
   4.0077000e+04   5.9718000e+04
   3.2263000e+04   1.3324000e+04
   6.5161000e+04   4.8748000e+04
   2.8972000e+04   2.4496000e+04
   1.8155000e+04   8.2300000e+02
   5.2292000e+04   3.9270000e+03
   2.5053000e+04   3.8389000e+04
   2.7018000e+04   4.5890000e+03
   5.0954000e+04   4.4115000e+04
   1.4100000e+04   1.5662000e+04
   5.6893000e+04   2.5419000e+04
   2.6225000e+04   2.9200000e+03
   3.6100000e+04   3.1874000e+04
   2.7432000e+04   3.7232000e+04
   8.4930000e+03   5.2490000e+04
   4.9311000e+04   8.9430000e+03
   1.6269000e+04   1.2180000e+03
   1.1741000e+04   4.8388000e+04
   1.0590000e+03   6.3572000e+04
   6.4930000e+03   2.3664000e+04
   6.0525000e+04   4.6727000e+04
   4.3365000e+04   1.6537000e+04
   5.2646000e+04   7.0450000e+03
   5.7351000e+04   1.0276000e+04
   5.7825000e+04   2.4913000e+04
   5.5093000e+04   5.4329000e+04
