   5.7655000e+04   6.3754000e+04
   5.4010000e+04   1.5719000e+04
   5.9258000e+04   3.7995000e+04
   4.2535000e+04   5.7514000e+04
   2.8958000e+04   4.0630000e+04
   3.2252000e+04   5.5992000e+04
   1.0490000e+04   1.2808000e+04
   1.0613000e+04   8.1380000e+03
   5.5153000e+04   3.6768000e+04
   3.1689000e+04   1.8297000e+04
   5.2520000e+04   5.5417000e+04
   1.3519000e+04   7.9530000e+03
   5.8410000e+03   3.9737000e+04
   5.4617000e+04   4.4020000e+04
   3.3815000e+04   5.2895000e+04
   2.9429000e+04   3.1422000e+04
   3.5683000e+04   1.2230000e+03
   1.9631000e+04   6.3544000e+04
   6.4184000e+04   3.2360000e+04
   2.0767000e+04   1.7362000e+04
   1.5465000e+04   2.6109000e+04
   6.5436000e+04   3.7281000e+04
   1.1078000e+04   3.6276000e+04
   3.9168000e+04   4.3859000e+04
   2.4260000e+04   3.5854000e+04
   2.2920000e+03   3.6682000e+04
   3.1460000e+03   5.2471000e+04
   1.0346000e+04   6.4790000e+04
   1.0264000e+04   3.8100000e+04
   4.3990000e+04   3.6454000e+04
   5.9057000e+04   5.5498000e+04
   1.3872000e+04   5.9054000e+04
   2.5999000e+04   4.7170000e+03
   5.0759000e+04   2.0569000e+04
   2.7168000e+04   1.4897000e+04
   4.6376000e+04   5.6110000e+03
   2.9550000e+03   6.3392000e+04
   6.3476000e+04   3.6107000e+04
   3.9377000e+04   1.5269000e+04
   3.4456000e+04   5.6594000e+04
   1.4943000e+04   2.9005000e+04
   4.6950000e+03   1.4793000e+04
   3.9006000e+04   4.8847000e+04
   4.7766000e+04   4.8964000e+04
   3.7461000e+04   5.2053000e+04
   4.9479000e+04   2.9051000e+04
   5.4724000e+04   2.0799000e+04
   3.0921000e+04   2.9234000e+04
   5.4363000e+04   1.3324000e+04
   2.4028000e+04   4.8748000e+04
   5.6030000e+03   5.2110000e+03
   2.4720000e+04   8.2300000e+02
   2.0124000e+04   3.9270000e+03
   1.0727000e+04   3.8389000e+04
   3.7037000e+04   4.5890000e+03
   3.6629000e+04   4.0101000e+04
   4.7304000e+04   1.0870000e+04
   2.1465000e+04   2.5419000e+04
   4.1642000e+04   2.9200000e+03
   2.8799000e+04   3.1874000e+04
   6.1985000e+04   3.7232000e+04
   2.0860000e+04   1.2580000e+04
   1.9247000e+04   8.9430000e+03
   1.4799000e+04   1.2180000e+03
   4.0710000e+04   6.5083000e+04
   4.7007000e+04   6.3572000e+04
   3.5208000e+04   3.9696000e+04
   4.1123000e+04   4.6727000e+04
   4.2660000e+03   1.6537000e+04
   1.8916000e+04   7.0450000e+03
   6.0582000e+04   1.0276000e+04
   3.4527000e+04   2.4913000e+04
   4.4403000e+04   5.4329000e+04
