   2.2845000e+04   3.7892000e+04
   6.3581000e+04   1.5719000e+04
   1.9915000e+04   3.7995000e+04
   5.6684000e+04   1.3300000e+03
   3.6230000e+03   4.0630000e+04
   5.3629000e+04   5.2280000e+04
   2.3160000e+03   1.2808000e+04
   1.4671000e+04   8.1380000e+03
   2.7689000e+04   3.6768000e+04
   1.5570000e+04   1.8297000e+04
   4.1211000e+04   3.4501000e+04
   2.9122000e+04   7.9530000e+03
   4.3673000e+04   3.9737000e+04
   3.4289000e+04   5.9993000e+04
   2.2650000e+04   5.2895000e+04
   3.4582000e+04   3.1600000e+03
   4.8340000e+03   1.2230000e+03
   8.7050000e+03   6.3544000e+04
   4.7130000e+04   3.2360000e+04
   4.7387000e+04   1.7362000e+04
   4.5506000e+04   3.7166000e+04
   6.3370000e+04   3.7281000e+04
   4.7686000e+04   4.2957000e+04
   1.4446000e+04   4.3859000e+04
   4.4806000e+04   1.6339000e+04
   2.1443000e+04   3.6682000e+04
   2.1201000e+04   5.2471000e+04
   2.1650000e+03   6.4790000e+04
   6.3165000e+04   3.8100000e+04
   2.3366000e+04   3.6454000e+04
   4.7305000e+04   5.5498000e+04
   4.6806000e+04   1.8489000e+04
   3.2430000e+04   4.7170000e+03
   5.7750000e+04   1.5480000e+03
   2.1058000e+04   7.3300000e+02
   4.1114000e+04   1.7927000e+04
   7.8310000e+03   6.3392000e+04
   1.0978000e+04   3.6107000e+04
   6.0430000e+03   1.5269000e+04
   1.4820000e+04   5.6594000e+04
   4.1508000e+04   3.0953000e+04
   6.4827000e+04   1.4793000e+04
   4.2069000e+04   4.8847000e+04
   6.4110000e+04   4.8964000e+04
   4.9670000e+04   5.4690000e+03
   2.9038000e+04   3.7552000e+04
   4.9330000e+03   2.0799000e+04
   3.4011000e+04   6.1613000e+04
   1.7320000e+04   1.3324000e+04
   6.2000000e+01   4.8748000e+04
   2.4098000e+04   4.7850000e+03
   5.4105000e+04   8.2300000e+02
   6.1670000e+04   3.9270000e+03
   1.1848000e+04   3.8389000e+04
   3.0543000e+04   4.5890000e+03
   6.1596000e+04   5.7422000e+04
   5.7815000e+04   3.6597000e+04
   9.2950000e+03   2.5419000e+04
   1.0435000e+04   2.9200000e+03
   3.0440000e+03   3.1874000e+04
   2.7305000e+04   3.7232000e+04
   3.5428000e+04   3.8787000e+04
   3.5913000e+04   8.9430000e+03
   5.2334000e+04   1.2180000e+03
   5.0573000e+04   4.2270000e+03
   3.1679000e+04   6.3572000e+04
   5.8103000e+04   4.8613000e+04
   2.8777000e+04   4.6727000e+04
   1.2125000e+04   1.6537000e+04
   4.8950000e+04   7.0450000e+03
   2.3175000e+04   1.0276000e+04
   6.0392000e+04   2.4913000e+04
   2.7391000e+04   5.4329000e+04
