   4.8350000e+04   7.1300000e+03
   2.8376000e+04   1.5719000e+04
   4.7165000e+04   3.7995000e+04
   2.6110000e+04   9.6970000e+03
   4.7982000e+04   4.0630000e+04
   3.4269000e+04   2.0350000e+04
   1.7038000e+04   1.2808000e+04
   3.7734000e+04   8.1380000e+03
   1.6194000e+04   3.6768000e+04
   2.7553000e+04   1.8297000e+04
   1.4604000e+04   2.0252000e+04
   9.7360000e+03   7.9530000e+03
   2.7699000e+04   3.9737000e+04
   1.8763000e+04   6.2555000e+04
   6.1683000e+04   5.2895000e+04
   2.1980000e+04   3.9748000e+04
   6.3940000e+04   1.2230000e+03
   2.3354000e+04   6.3544000e+04
   5.3514000e+04   3.2360000e+04
   4.4843000e+04   1.7362000e+04
   2.8311000e+04   3.9877000e+04
   2.1484000e+04   3.7281000e+04
   2.0035000e+04   4.7190000e+04
   1.5916000e+04   4.3859000e+04
   4.9565000e+04   6.3950000e+04
   4.7970000e+03   3.6682000e+04
   4.7798000e+04   5.2471000e+04
   7.2620000e+03   6.4790000e+04
   4.9426000e+04   3.8100000e+04
   4.1052000e+04   3.6454000e+04
   2.8650000e+04   5.5498000e+04
   5.2575000e+04   3.3483000e+04
   6.1607000e+04   4.7170000e+03
   3.5335000e+04   1.8061000e+04
   7.5000000e+03   1.7798000e+04
   4.7277000e+04   8.9400000e+02
   5.3417000e+04   6.3392000e+04
   1.7660000e+03   3.6107000e+04
   2.5170000e+04   1.5269000e+04
   1.6298000e+04   5.6594000e+04
   3.2221000e+04   3.2995000e+04
   5.7913000e+04   1.4793000e+04
   4.4264000e+04   4.8847000e+04
   5.8355000e+04   4.8964000e+04
   2.9166000e+04   1.8674000e+04
   4.5389000e+04   8.9680000e+03
   6.9970000e+03   2.0799000e+04
   3.9101000e+04   4.6927000e+04
   6.2181000e+04   1.3324000e+04
   3.4464000e+04   4.8748000e+04
   2.5819000e+04   2.6927000e+04
   1.5393000e+04   8.2300000e+02
   6.5047000e+04   3.9270000e+03
   5.2698000e+04   3.8389000e+04
   1.8521000e+04   4.5890000e+03
   4.5595000e+04   4.7838000e+04
   5.8013000e+04   5.5540000e+04
   3.8587000e+04   2.5419000e+04
   1.3490000e+03   2.9200000e+03
   2.3659000e+04   3.1874000e+04
   3.1420000e+03   3.7232000e+04
   7.6300000e+03   1.3000000e+03
   6.5343000e+04   8.9430000e+03
   2.9800000e+04   1.2180000e+03
   5.7823000e+04   5.7868000e+04
   1.2957000e+04   6.3572000e+04
   3.8363000e+04   3.4985000e+04
   5.8685000e+04   4.6727000e+04
   5.4155000e+04   1.6537000e+04
   6.2477000e+04   7.0450000e+03
   9.9760000e+03   1.0276000e+04
   5.3050000e+03   2.4913000e+04
   3.0940000e+04   5.4329000e+04
