   2.4874000e+04   1.8310000e+04
   1.2947000e+04   1.5719000e+04
   6.2837000e+04   3.7995000e+04
   4.2739000e+04   1.2573000e+04
   1.7522000e+04   4.0630000e+04
   2.8245000e+04   4.6681000e+04
   4.9240000e+04   1.2808000e+04
   4.4972000e+04   8.1380000e+03
   8.1090000e+03   3.6768000e+04
   6.0312000e+04   1.8297000e+04
   3.3050000e+04   4.6648000e+04
   5.4956000e+04   7.9530000e+03
   2.4367000e+04   3.9737000e+04
   2.2906000e+04   1.3500000e+02
   4.9595000e+04   5.2895000e+04
   1.9302000e+04   2.8057000e+04
   5.7941000e+04   1.2230000e+03
   6.0458000e+04   6.3544000e+04
   6.4227000e+04   3.2360000e+04
   4.6940000e+04   1.7362000e+04
   1.4748000e+04   1.1294000e+04
   1.3082000e+04   3.7281000e+04
   4.5307000e+04   3.7453000e+04
   6.0164000e+04   4.3859000e+04
   4.1557000e+04   4.6249000e+04
   3.3943000e+04   3.6682000e+04
   7.3170000e+03   5.2471000e+04
   2.8460000e+03   6.4790000e+04
   2.8637000e+04   3.8100000e+04
   6.6430000e+03   3.6454000e+04
   1.6319000e+04   5.5498000e+04
   5.1730000e+04   5.1922000e+04
   5.5193000e+04   4.7170000e+03
   3.3541000e+04   2.9323000e+04
   4.7620000e+04   1.7780000e+03
   5.1485000e+04   1.7475000e+04
   3.9903000e+04   6.3392000e+04
   5.9206000e+04   3.6107000e+04
   2.0205000e+04   1.5269000e+04
   3.1060000e+03   5.6594000e+04
   2.5090000e+04   2.6824000e+04
   4.6074000e+04   1.4793000e+04
   1.8442000e+04   4.8847000e+04
   5.3059000e+04   4.8964000e+04
   2.5238000e+04   8.5080000e+03
   4.2297000e+04   4.7226000e+04
   5.8639000e+04   2.0799000e+04
   3.7224000e+04   5.6986000e+04
   2.7795000e+04   1.3324000e+04
   3.2100000e+03   4.8748000e+04
   3.7193000e+04   4.7633000e+04
   1.1133000e+04   8.2300000e+02
   1.6696000e+04   3.9270000e+03
   6.0066000e+04   3.8389000e+04
   6.1406000e+04   4.5890000e+03
   3.6123000e+04   1.7955000e+04
   5.0461000e+04   1.1803000e+04
   1.8866000e+04   2.5419000e+04
   2.6518000e+04   2.9200000e+03
   4.2456000e+04   3.1874000e+04
   2.9905000e+04   3.7232000e+04
   3.2153000e+04   3.4812000e+04
   5.9837000e+04   8.9430000e+03
   4.2084000e+04   1.2180000e+03
   1.0819000e+04   1.2070000e+03
   3.5452000e+04   6.3572000e+04
   1.5874000e+04   1.6200000e+04
   2.4564000e+04   4.6727000e+04
   7.5860000e+03   1.6537000e+04
   3.9749000e+04   7.0450000e+03
   3.3920000e+03   1.0276000e+04
   9.5030000e+03   2.4913000e+04
   1.6582000e+04   5.4329000e+04
