   3.1975000e+04   8.8220000e+03
   5.0535000e+04   1.5719000e+04
   3.8507000e+04   3.7995000e+04
   2.1220000e+04   5.4090000e+04
   1.3469000e+04   4.0630000e+04
   1.2836000e+04   3.4102000e+04
   5.8811000e+04   1.2808000e+04
   3.2581000e+04   8.1380000e+03
   3.8623000e+04   3.6768000e+04
   9.9640000e+03   1.8297000e+04
   4.0403000e+04   5.9749000e+04
   6.2650000e+04   7.9530000e+03
   1.0130000e+04   3.9737000e+04
   4.7696000e+04   1.5027000e+04
   4.7278000e+04   5.2895000e+04
   4.7839000e+04   6.4100000e+02
   5.2510000e+04   1.2230000e+03
   2.1598000e+04   6.3544000e+04
   6.0240000e+04   3.2360000e+04
   3.7843000e+04   1.7362000e+04
   4.2500000e+03   3.4102000e+04
   2.4183000e+04   3.7281000e+04
   5.5102000e+04   3.3967000e+04
   2.3065000e+04   4.3859000e+04
   4.8783000e+04   4.5376000e+04
   4.8446000e+04   3.6682000e+04
   4.5538000e+04   5.2471000e+04
   4.9974000e+04   6.4790000e+04
   3.1209000e+04   3.8100000e+04
   3.0295000e+04   3.6454000e+04
   4.4630000e+03   5.5498000e+04
   4.7522000e+04   6.1784000e+04
   6.2135000e+04   4.7170000e+03
   6.7880000e+03   6.3016000e+04
   4.0291000e+04   4.1211000e+04
   2.3737000e+04   2.5119000e+04
   4.0117000e+04   6.3392000e+04
   5.1420000e+03   3.6107000e+04
   2.5463000e+04   1.5269000e+04
   5.8941000e+04   5.6594000e+04
   1.0667000e+04   5.1455000e+04
   5.6491000e+04   1.4793000e+04
   4.8112000e+04   4.8847000e+04
   5.3870000e+03   4.8964000e+04
   3.0435000e+04   1.8138000e+04
   5.3791000e+04   1.1972000e+04
   3.4361000e+04   2.0799000e+04
   2.6904000e+04   2.6650000e+03
   1.0339000e+04   1.3324000e+04
   4.3858000e+04   4.8748000e+04
   2.1832000e+04   3.1933000e+04
   1.9407000e+04   8.2300000e+02
   2.7128000e+04   3.9270000e+03
   1.3924000e+04   3.8389000e+04
   2.7920000e+03   4.5890000e+03
   6.1199000e+04   3.9020000e+04
   1.7592000e+04   4.3797000e+04
   1.9060000e+04   2.5419000e+04
   4.8053000e+04   2.9200000e+03
   5.3675000e+04   3.1874000e+04
   4.9950000e+03   3.7232000e+04
   5.4943000e+04   4.8725000e+04
   6.0323000e+04   8.9430000e+03
   5.7705000e+04   1.2180000e+03
   1.0721000e+04   3.8223000e+04
   6.4815000e+04   6.3572000e+04
   2.3752000e+04   5.1426000e+04
   2.7744000e+04   4.6727000e+04
   1.4667000e+04   1.6537000e+04
   1.5257000e+04   7.0450000e+03
   5.6578000e+04   1.0276000e+04
   2.8671000e+04   2.4913000e+04
   3.3880000e+04   5.4329000e+04
