   3.2889000e+04   5.6650000e+04
   3.1207000e+04   1.5719000e+04
   1.9230000e+03   3.7995000e+04
   1.8979000e+04   3.5246000e+04
   7.8220000e+03   4.0630000e+04
   8.6090000e+03   5.8238000e+04
   1.5160000e+03   1.2808000e+04
   5.4219000e+04   8.1380000e+03
   1.8425000e+04   3.6768000e+04
   2.5515000e+04   1.8297000e+04
   5.5528000e+04   5.5269000e+04
   2.7494000e+04   7.9530000e+03
   4.8460000e+03   3.9737000e+04
   1.5613000e+04   2.1654000e+04
   3.9262000e+04   5.2895000e+04
   2.1156000e+04   1.2197000e+04
   7.2890000e+03   1.2230000e+03
   5.9331000e+04   6.3544000e+04
   5.5011000e+04   3.2360000e+04
   5.4920000e+04   1.7362000e+04
   4.4884000e+04   4.8346000e+04
   4.0880000e+03   3.7281000e+04
   4.1797000e+04   5.4610000e+04
   1.5250000e+04   4.3859000e+04
   2.8324000e+04   5.8149000e+04
   3.1644000e+04   3.6682000e+04
   9.2680000e+03   5.2471000e+04
   1.3303000e+04   6.4790000e+04
   2.2311000e+04   3.8100000e+04
   4.8466000e+04   3.6454000e+04
   9.1370000e+03   5.5498000e+04
   1.0493000e+04   2.0255000e+04
   6.4725000e+04   4.7170000e+03
   3.5428000e+04   3.8787000e+04
   5.4456000e+04   1.8580000e+04
   2.8793000e+04   5.0660000e+04
   1.3992000e+04   6.3392000e+04
   6.1967000e+04   3.6107000e+04
   5.7423000e+04   1.5269000e+04
   2.1381000e+04   5.6594000e+04
   9.5190000e+03   7.2530000e+03
   6.5333000e+04   1.4793000e+04
   1.6440000e+03   4.8847000e+04
   6.4946000e+04   4.8964000e+04
   1.4802000e+04   1.6082000e+04
   2.3788000e+04   3.6680000e+03
   5.1642000e+04   2.0799000e+04
   3.9113000e+04   2.7609000e+04
   1.2421000e+04   1.3324000e+04
   5.6673000e+04   4.8748000e+04
   2.2684000e+04   6.6170000e+03
   4.4954000e+04   8.2300000e+02
   1.9000000e+02   3.9270000e+03
   3.6844000e+04   3.8389000e+04
   6.2818000e+04   4.5890000e+03
   2.7413000e+04   6.6130000e+03
   2.8826000e+04   5.2451000e+04
   3.3519000e+04   2.5419000e+04
   3.1542000e+04   2.9200000e+03
   2.8716000e+04   3.1874000e+04
   4.2690000e+04   3.7232000e+04
   6.0680000e+04   3.6360000e+03
   4.6104000e+04   8.9430000e+03
   3.1734000e+04   1.2180000e+03
   1.9807000e+04   5.7838000e+04
   5.2275000e+04   6.3572000e+04
   2.8939000e+04   2.0666000e+04
   4.9665000e+04   4.6727000e+04
   6.0173000e+04   1.6537000e+04
   6.0036000e+04   7.0450000e+03
   2.8250000e+04   1.0276000e+04
   4.9141000e+04   2.4913000e+04
   2.5086000e+04   5.4329000e+04
