   2.7854000e+04   5.4400000e+02
   1.0612000e+04   1.5719000e+04
   4.1910000e+03   3.7995000e+04
   5.4698000e+04   1.5369000e+04
   7.9550000e+03   4.0630000e+04
   5.5543000e+04   1.5246000e+04
   6.1341000e+04   1.2808000e+04
   4.2086000e+04   8.1380000e+03
   1.9539000e+04   3.6768000e+04
   5.6444000e+04   1.8297000e+04
   3.4277000e+04   9.3490000e+03
   1.8780000e+03   7.9530000e+03
   4.6077000e+04   3.9737000e+04
   3.8437000e+04   5.7530000e+03
   4.9625000e+04   5.2895000e+04
   2.7156000e+04   1.8040000e+03
   7.3430000e+03   1.2230000e+03
   6.0474000e+04   6.3544000e+04
   4.1272000e+04   3.2360000e+04
   3.5671000e+04   1.7362000e+04
   5.1958000e+04   6.0770000e+04
   6.3485000e+04   3.7281000e+04
   2.7332000e+04   6.5410000e+04
   5.0530000e+03   4.3859000e+04
   1.6882000e+04   3.7700000e+03
   4.9050000e+04   3.6682000e+04
   2.4620000e+04   5.2471000e+04
   6.5220000e+04   6.4790000e+04
   5.4260000e+04   3.8100000e+04
   2.1500000e+04   3.6454000e+04
   4.4911000e+04   5.5498000e+04
   2.5953000e+04   8.3420000e+03
   4.3206000e+04   4.7170000e+03
   5.0534000e+04   3.5138000e+04
   1.5665000e+04   5.3180000e+03
   5.9576000e+04   3.7030000e+03
   3.9865000e+04   6.3392000e+04
   3.4783000e+04   3.6107000e+04
   2.7556000e+04   1.5269000e+04
   5.6161000e+04   5.6594000e+04
   4.3685000e+04   5.8922000e+04
   2.3996000e+04   1.4793000e+04
   2.0838000e+04   4.8847000e+04
   5.7480000e+03   4.8964000e+04
   5.1493000e+04   4.2197000e+04
   4.4550000e+04   5.6620000e+03
   1.4496000e+04   2.0799000e+04
   2.8975000e+04   5.1700000e+02
   7.8740000e+03   1.3324000e+04
   1.9195000e+04   4.8748000e+04
   1.7663000e+04   4.0824000e+04
   1.4067000e+04   8.2300000e+02
   1.0831000e+04   3.9270000e+03
   6.3306000e+04   3.8389000e+04
   1.2317000e+04   4.5890000e+03
   1.5939000e+04   3.4916000e+04
   6.2197000e+04   5.0034000e+04
   2.1358000e+04   2.5419000e+04
   5.6030000e+03   2.9200000e+03
   1.2740000e+03   3.1874000e+04
   3.8500000e+02   3.7232000e+04
   5.0758000e+04   5.4263000e+04
   6.3732000e+04   8.9430000e+03
   6.5449000e+04   1.2180000e+03
   3.7589000e+04   6.5484000e+04
   4.8133000e+04   6.3572000e+04
   5.8006000e+04   2.6138000e+04
   3.4130000e+04   4.6727000e+04
   1.1207000e+04   1.6537000e+04
   3.4415000e+04   7.0450000e+03
   6.4926000e+04   1.0276000e+04
   8.2310000e+03   2.4913000e+04
   4.5494000e+04   5.4329000e+04
