   1.9986000e+04   5.0485000e+04
   1.9390000e+04   1.5719000e+04
   2.5619000e+04   3.7995000e+04
   6.0140000e+04   3.3961000e+04
   7.8070000e+03   4.0630000e+04
   4.1637000e+04   1.1401000e+04
   3.1686000e+04   1.2808000e+04
   6.5324000e+04   8.1380000e+03
   1.1101000e+04   3.6768000e+04
   3.8404000e+04   1.8297000e+04
   4.8390000e+04   2.5108000e+04
   3.4637000e+04   7.9530000e+03
   1.4663000e+04   3.9737000e+04
   2.8015000e+04   9.9670000e+03
   2.3233000e+04   5.2895000e+04
   3.9318000e+04   2.5489000e+04
   5.0501000e+04   1.2230000e+03
   4.1971000e+04   6.3544000e+04
   5.3909000e+04   3.2360000e+04
   5.7487000e+04   1.7362000e+04
   5.7867000e+04   4.8435000e+04
   8.4520000e+03   3.7281000e+04
   5.9885000e+04   3.9280000e+04
   9.3470000e+03   4.3859000e+04
   5.5559000e+04   2.5650000e+04
   5.0047000e+04   3.6682000e+04
   1.7269000e+04   5.2471000e+04
   1.5597000e+04   6.4790000e+04
   6.4483000e+04   3.8100000e+04
   1.7174000e+04   3.6454000e+04
   6.2710000e+04   5.5498000e+04
   2.7284000e+04   3.3425000e+04
   4.8527000e+04   4.7170000e+03
   5.0950000e+04   6.0217000e+04
   2.0051000e+04   1.3796000e+04
   2.5853000e+04   2.0135000e+04
   2.9818000e+04   6.3392000e+04
   1.7406000e+04   3.6107000e+04
   3.7068000e+04   1.5269000e+04
   7.2080000e+03   5.6594000e+04
   3.7445000e+04   5.5647000e+04
   3.5211000e+04   1.4793000e+04
   3.4887000e+04   4.8847000e+04
   4.0777000e+04   4.8964000e+04
   3.1396000e+04   1.1290000e+04
   5.8677000e+04   4.4179000e+04
   4.4076000e+04   2.0799000e+04
   3.0939000e+04   2.1727000e+04
   6.1029000e+04   1.3324000e+04
   1.9903000e+04   4.8748000e+04
   3.1316000e+04   2.9907000e+04
   3.8210000e+04   8.2300000e+02
   4.6836000e+04   3.9270000e+03
   3.4550000e+03   3.8389000e+04
   7.5530000e+03   4.5890000e+03
   6.0789000e+04   3.8529000e+04
   4.9736000e+04   4.9746000e+04
   6.3615000e+04   2.5419000e+04
   6.5018000e+04   2.9200000e+03
   5.4152000e+04   3.1874000e+04
   1.4501000e+04   3.7232000e+04
   2.1856000e+04   5.2402000e+04
   5.4348000e+04   8.9430000e+03
   4.6253000e+04   1.2180000e+03
   4.7734000e+04   1.6368000e+04
   5.9319000e+04   6.3572000e+04
   2.8164000e+04   3.6330000e+04
   3.4280000e+04   4.6727000e+04
   2.4565000e+04   1.6537000e+04
   4.1224000e+04   7.0450000e+03
   4.2120000e+03   1.0276000e+04
   1.4021000e+04   2.4913000e+04
   3.7575000e+04   5.4329000e+04
