   1.7663000e+04   4.0824000e+04
   5.2842000e+04   1.5719000e+04
   4.4270000e+04   3.7995000e+04
   4.8439000e+04   4.9536000e+04
   2.5912000e+04   4.0630000e+04
   2.9139000e+04   2.1183000e+04
   4.3982000e+04   1.2808000e+04
   4.2018000e+04   8.1380000e+03
   4.9359000e+04   3.6768000e+04
   1.5901000e+04   1.8297000e+04
   5.8678000e+04   5.9400000e+03
   5.3117000e+04   7.9530000e+03
   5.0170000e+03   3.9737000e+04
   1.1778000e+04   1.0126000e+04
   1.9602000e+04   5.2895000e+04
   2.1076000e+04   4.6490000e+04
   4.1436000e+04   1.2230000e+03
   1.1510000e+04   6.3544000e+04
   3.8148000e+04   3.2360000e+04
   5.6351000e+04   1.7362000e+04
   3.1445000e+04   8.2790000e+03
   4.0810000e+04   3.7281000e+04
   2.9381000e+04   5.2900000e+03
   5.9660000e+03   4.3859000e+04
   9.6980000e+03   4.7212000e+04
   3.4318000e+04   3.6682000e+04
   5.6731000e+04   5.2471000e+04
   3.0838000e+04   6.4790000e+04
   2.2740000e+03   3.8100000e+04
   5.3764000e+04   3.6454000e+04
   4.5942000e+04   5.5498000e+04
   1.9873000e+04   3.6830000e+03
   1.4642000e+04   4.7170000e+03
   4.8618000e+04   3.1954000e+04
   1.3697000e+04   3.7709000e+04
   5.3401000e+04   5.9810000e+03
   1.5760000e+03   6.3392000e+04
   4.1344000e+04   3.6107000e+04
   6.4187000e+04   1.5269000e+04
   6.4269000e+04   5.6594000e+04
   2.0100000e+04   3.7365000e+04
   6.5513000e+04   1.4793000e+04
   4.5461000e+04   4.8847000e+04
   6.2814000e+04   4.8964000e+04
   4.3575000e+04   5.0765000e+04
   2.1790000e+04   1.4786000e+04
   5.1974000e+04   2.0799000e+04
   2.7009000e+04   3.7496000e+04
   2.1211000e+04   1.3324000e+04
   1.7900000e+03   4.8748000e+04
   9.5850000e+03   3.0540000e+04
   5.2186000e+04   8.2300000e+02
   2.4519000e+04   3.9270000e+03
   1.1560000e+03   3.8389000e+04
   4.8150000e+04   4.5890000e+03
   1.4948000e+04   2.7514000e+04
   4.3161000e+04   5.7414000e+04
   4.0714000e+04   2.5419000e+04
   5.9157000e+04   2.9200000e+03
   6.3533000e+04   3.1874000e+04
   7.8810000e+03   3.7232000e+04
   2.9237000e+04   3.9603000e+04
   2.7665000e+04   8.9430000e+03
   1.3335000e+04   1.2180000e+03
   2.6276000e+04   9.7250000e+03
   4.4710000e+04   6.3572000e+04
   3.2373000e+04   5.0651000e+04
   2.9940000e+04   4.6727000e+04
   1.8451000e+04   1.6537000e+04
   3.8016000e+04   7.0450000e+03
   5.5969000e+04   1.0276000e+04
   1.8311000e+04   2.4913000e+04
   1.1145000e+04   5.4329000e+04
