   5.2595000e+04   1.5313000e+04
   1.9560000e+04   1.5719000e+04
   4.6472000e+04   3.7995000e+04
   4.2723000e+04   6.4405000e+04
   3.1673000e+04   4.0630000e+04
   5.2691000e+04   2.8740000e+03
   6.4929000e+04   1.2808000e+04
   3.9297000e+04   8.1380000e+03
   2.9022000e+04   3.6768000e+04
   1.3418000e+04   1.8297000e+04
   5.4111000e+04   4.6466000e+04
   1.6270000e+03   7.9530000e+03
   1.5168000e+04   3.9737000e+04
   3.9192000e+04   1.4461000e+04
   9.5240000e+03   5.2895000e+04
   1.4981000e+04   1.9908000e+04
   5.2487000e+04   1.2230000e+03
   6.0224000e+04   6.3544000e+04
   4.4861000e+04   3.2360000e+04
   3.7646000e+04   1.7362000e+04
   5.6738000e+04   1.1048000e+04
   5.8294000e+04   3.7281000e+04
   3.0920000e+04   5.8084000e+04
   5.4229000e+04   4.3859000e+04
   5.5690000e+03   4.9443000e+04
   1.9117000e+04   3.6682000e+04
   2.3079000e+04   5.2471000e+04
   2.7715000e+04   6.4790000e+04
   4.7102000e+04   3.8100000e+04
   9.1870000e+03   3.6454000e+04
   3.0705000e+04   5.5498000e+04
   6.0127000e+04   5.0281000e+04
   2.0735000e+04   4.7170000e+03
   4.5731000e+04   7.8300000e+03
   6.1071000e+04   5.2982000e+04
   3.8088000e+04   4.2379000e+04
   1.8788000e+04   6.3392000e+04
   6.4769000e+04   3.6107000e+04
   3.2288000e+04   1.5269000e+04
   6.2480000e+03   5.6594000e+04
   9.7630000e+03   2.2292000e+04
   4.3911000e+04   1.4793000e+04
   3.9680000e+03   4.8847000e+04
   3.7383000e+04   4.8964000e+04
   4.9683000e+04   5.1709000e+04
   4.7699000e+04   5.7566000e+04
   4.2068000e+04   2.0799000e+04
   5.2866000e+04   2.4920000e+04
   6.5533000e+04   1.3324000e+04
   1.5288000e+04   4.8748000e+04
   5.6340000e+03   6.0041000e+04
   2.2331000e+04   8.2300000e+02
   1.3110000e+03   3.9270000e+03
   1.1009000e+04   3.8389000e+04
   4.6096000e+04   4.5890000e+03
   3.6025000e+04   4.5503000e+04
   5.7825000e+04   2.7026000e+04
   3.3868000e+04   2.5419000e+04
   3.2018000e+04   2.9200000e+03
   6.4430000e+04   3.1874000e+04
   1.6114000e+04   3.7232000e+04
   5.9825000e+04   3.0208000e+04
   2.5003000e+04   8.9430000e+03
   3.5834000e+04   1.2180000e+03
   1.4783000e+04   6.5493000e+04
   4.8208000e+04   6.3572000e+04
   6.0000000e+04   4.1920000e+04
   2.1476000e+04   4.6727000e+04
   3.0417000e+04   1.6537000e+04
   5.0065000e+04   7.0450000e+03
   9.6800000e+03   1.0276000e+04
   4.4620000e+03   2.4913000e+04
   3.2565000e+04   5.4329000e+04
