   5.2329000e+04   4.3615000e+04
   1.7306000e+04   1.5719000e+04
   3.9968000e+04   3.7995000e+04
   3.1524000e+04   1.9199000e+04
   6.3144000e+04   4.0630000e+04
   1.5970000e+04   1.8833000e+04
   1.8955000e+04   1.2808000e+04
   1.4745000e+04   8.1380000e+03
   2.5784000e+04   3.6768000e+04
   5.4521000e+04   1.8297000e+04
   1.4559000e+04   4.8245000e+04
   4.2751000e+04   7.9530000e+03
   5.1680000e+04   3.9737000e+04
   1.7760000e+04   4.2210000e+04
   6.3924000e+04   5.2895000e+04
   8.8510000e+03   2.3371000e+04
   2.4461000e+04   1.2230000e+03
   4.8827000e+04   6.3544000e+04
   4.3970000e+04   3.2360000e+04
   3.5470000e+03   1.7362000e+04
   2.4226000e+04   3.4967000e+04
   6.3539000e+04   3.7281000e+04
   2.3234000e+04   4.1247000e+04
   1.2629000e+04   4.3859000e+04
   3.8515000e+04   1.2181000e+04
   3.5213000e+04   3.6682000e+04
   3.8910000e+03   5.2471000e+04
   5.0359000e+04   6.4790000e+04
   6.9260000e+03   3.8100000e+04
   6.4370000e+03   3.6454000e+04
   1.1068000e+04   5.5498000e+04
   2.5073000e+04   5.2327000e+04
   1.4414000e+04   4.7170000e+03
   3.7716000e+04   4.3690000e+03
   2.8079000e+04   2.9480000e+03
   3.4907000e+04   4.1308000e+04
   1.7840000e+03   6.3392000e+04
   3.8244000e+04   3.6107000e+04
   5.7538000e+04   1.5269000e+04
   5.8655000e+04   5.6594000e+04
   8.7220000e+03   2.3624000e+04
   8.2160000e+03   1.4793000e+04
   3.2359000e+04   4.8847000e+04
   2.8916000e+04   4.8964000e+04
   1.5060000e+04   6.4894000e+04
   3.6076000e+04   5.9783000e+04
   1.4190000e+03   2.0799000e+04
   1.9547000e+04   2.4765000e+04
   8.1000000e+03   1.3324000e+04
   4.7448000e+04   4.8748000e+04
   1.2444000e+04   4.4216000e+04
   3.4123000e+04   8.2300000e+02
   5.3622000e+04   3.9270000e+03
   6.5398000e+04   3.8389000e+04
   6.0540000e+04   4.5890000e+03
   2.4341000e+04   2.7545000e+04
   4.8232000e+04   4.4140000e+04
   6.4503000e+04   2.5419000e+04
   1.7219000e+04   2.9200000e+03
   3.8826000e+04   3.1874000e+04
   5.7048000e+04   3.7232000e+04
   2.9121000e+04   9.9630000e+03
   5.2056000e+04   8.9430000e+03
   4.3499000e+04   1.2180000e+03
   3.6419000e+04   5.9452000e+04
   3.2438000e+04   6.3572000e+04
   3.3265000e+04   3.3614000e+04
   6.5330000e+04   4.6727000e+04
   6.2970000e+04   1.6537000e+04
   3.5556000e+04   7.0450000e+03
   2.0923000e+04   1.0276000e+04
   2.2503000e+04   2.4913000e+04
   1.9113000e+04   5.4329000e+04
