   4.3271000e+04   5.5843000e+04
   6.5236000e+04   1.5719000e+04
   1.9469000e+04   3.7995000e+04
   1.5838000e+04   2.3871000e+04
   5.1928000e+04   4.0630000e+04
   5.6028000e+04   7.1070000e+03
   1.6927000e+04   1.2808000e+04
   1.8709000e+04   8.1380000e+03
   1.4456000e+04   3.6768000e+04
   5.6475000e+04   1.8297000e+04
   2.5816000e+04   3.6736000e+04
   3.4872000e+04   7.9530000e+03
   4.3329000e+04   3.9737000e+04
   2.8999000e+04   1.7111000e+04
   4.5030000e+03   5.2895000e+04
   1.2473000e+04   2.4498000e+04
   3.9795000e+04   1.2230000e+03
   3.9878000e+04   6.3544000e+04
   2.5660000e+03   3.2360000e+04
   3.3035000e+04   1.7362000e+04
   1.2587000e+04   6.5370000e+03
   2.8445000e+04   3.7281000e+04
   2.1703000e+04   6.0750000e+04
   1.8196000e+04   4.3859000e+04
   1.1078000e+04   3.6276000e+04
   2.1933000e+04   3.6682000e+04
   4.0708000e+04   5.2471000e+04
   1.0178000e+04   6.4790000e+04
   5.5647000e+04   3.8100000e+04
   4.2410000e+04   3.6454000e+04
   3.1282000e+04   5.5498000e+04
   3.5560000e+04   3.4946000e+04
   4.9941000e+04   4.7170000e+03
   2.1093000e+04   2.2105000e+04
   2.4262000e+04   5.3820000e+03
   3.7096000e+04   1.6927000e+04
   2.3315000e+04   6.3392000e+04
   1.5335000e+04   3.6107000e+04
   4.4159000e+04   1.5269000e+04
   2.9736000e+04   5.6594000e+04
   2.0134000e+04   3.2911000e+04
   6.2513000e+04   1.4793000e+04
   5.1099000e+04   4.8847000e+04
   4.7277000e+04   4.8964000e+04
   2.6984000e+04   1.8081000e+04
   1.5593000e+04   5.8929000e+04
   6.4766000e+04   2.0799000e+04
   1.6569000e+04   4.0790000e+04
   5.3736000e+04   1.3324000e+04
   3.7346000e+04   4.8748000e+04
   1.7029000e+04   5.3860000e+04
   8.5690000e+03   8.2300000e+02
   5.0589000e+04   3.9270000e+03
   4.5541000e+04   3.8389000e+04
   2.7612000e+04   4.5890000e+03
   4.2980000e+03   5.4061000e+04
   1.2799000e+04   6.4039000e+04
   6.4470000e+03   2.5419000e+04
   1.0264000e+04   2.9200000e+03
   5.8192000e+04   3.1874000e+04
   3.5228000e+04   3.7232000e+04
   6.7390000e+03   1.2715000e+04
   5.7259000e+04   8.9430000e+03
   4.0840000e+03   1.2180000e+03
   6.2172000e+04   5.8466000e+04
   2.7803000e+04   6.3572000e+04
   1.1892000e+04   4.5338000e+04
   5.8659000e+04   4.6727000e+04
   4.6627000e+04   1.6537000e+04
   2.9650000e+03   7.0450000e+03
   6.4888000e+04   1.0276000e+04
   4.8221000e+04   2.4913000e+04
   2.1608000e+04   5.4329000e+04
