   3.3000000e+04   2.5030000e+04
   7.3650000e+03   1.5719000e+04
   2.7764000e+04   3.7995000e+04
   1.0819000e+04   1.2070000e+03
   4.9112000e+04   4.0630000e+04
   1.0731000e+04   4.0936000e+04
   6.0101000e+04   1.2808000e+04
   6.3714000e+04   8.1380000e+03
   1.1250000e+03   3.6768000e+04
   2.4454000e+04   1.8297000e+04
   5.3714000e+04   3.8860000e+03
   6.4852000e+04   7.9530000e+03
   4.3619000e+04   3.9737000e+04
   4.6425000e+04   5.9940000e+04
   2.8661000e+04   5.2895000e+04
   3.9430000e+04   8.2370000e+03
   6.0246000e+04   1.2230000e+03
   1.8254000e+04   6.3544000e+04
   4.4814000e+04   3.2360000e+04
   1.5275000e+04   1.7362000e+04
   4.7794000e+04   2.1022000e+04
   7.1650000e+03   3.7281000e+04
   4.9747000e+04   3.6634000e+04
   1.6669000e+04   4.3859000e+04
   5.5729000e+04   1.0840000e+04
   8.5400000e+03   3.6682000e+04
   4.0189000e+04   5.2471000e+04
   6.2888000e+04   6.4790000e+04
   4.6597000e+04   3.8100000e+04
   5.8650000e+03   3.6454000e+04
   5.6589000e+04   5.5498000e+04
   4.7524000e+04   3.1700000e+02
   2.5608000e+04   4.7170000e+03
   1.5956000e+04   4.8468000e+04
   2.8008000e+04   2.0409000e+04
   2.5833000e+04   4.9794000e+04
   2.4380000e+03   6.3392000e+04
   3.3560000e+04   3.6107000e+04
   6.1860000e+03   1.5269000e+04
   6.0348000e+04   5.6594000e+04
   4.0281000e+04   9.2980000e+03
   3.3733000e+04   1.4793000e+04
   3.1149000e+04   4.8847000e+04
   1.8431000e+04   4.8964000e+04
   1.2794000e+04   4.7652000e+04
   4.9484000e+04   3.0042000e+04
   4.2847000e+04   2.0799000e+04
   5.5070000e+04   1.2531000e+04
   3.9710000e+03   1.3324000e+04
   1.8050000e+03   4.8748000e+04
   5.4623000e+04   4.0680000e+04
   5.0046000e+04   8.2300000e+02
   4.6830000e+03   3.9270000e+03
   5.6396000e+04   3.8389000e+04
   1.0280000e+03   4.5890000e+03
   2.4087000e+04   3.4778000e+04
   5.0880000e+04   4.0877000e+04
   1.3474000e+04   2.5419000e+04
   2.4360000e+04   2.9200000e+03
   6.5037000e+04   3.1874000e+04
   5.6226000e+04   3.7232000e+04
   1.2681000e+04   4.9969000e+04
   3.6551000e+04   8.9430000e+03
   4.2996000e+04   1.2180000e+03
   3.7240000e+04   2.1287000e+04
   6.4364000e+04   6.3572000e+04
   2.3833000e+04   4.5020000e+04
   6.4118000e+04   4.6727000e+04
   2.1172000e+04   1.6537000e+04
   2.4190000e+04   7.0450000e+03
   1.0020000e+03   1.0276000e+04
   2.0695000e+04   2.4913000e+04
   4.7338000e+04   5.4329000e+04
