   1.3514000e+04   6.0316000e+04
   5.5837000e+04   1.5719000e+04
   5.4441000e+04   3.7995000e+04
   4.5816000e+04   5.9103000e+04
   2.0321000e+04   4.0630000e+04
   1.7802000e+04   5.4031000e+04
   5.8654000e+04   1.2808000e+04
   4.5533000e+04   8.1380000e+03
   2.7773000e+04   3.6768000e+04
   5.4830000e+03   1.8297000e+04
   4.3340000e+04   3.0293000e+04
   3.4362000e+04   7.9530000e+03
   2.7790000e+03   3.9737000e+04
   2.9162000e+04   4.7151000e+04
   4.1862000e+04   5.2895000e+04
   5.3614000e+04   2.6174000e+04
   5.0307000e+04   1.2230000e+03
   5.8525000e+04   6.3544000e+04
   2.5920000e+03   3.2360000e+04
   1.0886000e+04   1.7362000e+04
   2.3033000e+04   1.0711000e+04
   6.0477000e+04   3.7281000e+04
   2.0939000e+04   5.3694000e+04
   4.8803000e+04   4.3859000e+04
   5.6670000e+04   6.3530000e+03
   6.0415000e+04   3.6682000e+04
   3.9830000e+03   5.2471000e+04
   3.0396000e+04   6.4790000e+04
   1.0544000e+04   3.8100000e+04
   3.6313000e+04   3.6454000e+04
   3.9489000e+04   5.5498000e+04
   5.2494000e+04   3.9978000e+04
   4.7971000e+04   4.7170000e+03
   3.9702000e+04   9.0920000e+03
   2.3818000e+04   6.0703000e+04
   3.9099000e+04   2.6093000e+04
   3.1990000e+04   6.3392000e+04
   3.3707000e+04   3.6107000e+04
   6.1338000e+04   1.5269000e+04
   3.2509000e+04   5.6594000e+04
   5.1821000e+04   5.3260000e+03
   6.5465000e+04   1.4793000e+04
   5.5110000e+04   4.8847000e+04
   1.7098000e+04   4.8964000e+04
   9.7750000e+03   3.2200000e+04
   3.1098000e+04   4.4061000e+04
   5.4154000e+04   2.0799000e+04
   5.1421000e+04   2.9996000e+04
   6.2846000e+04   1.3324000e+04
   5.2207000e+04   4.8748000e+04
   4.7307000e+04   2.1071000e+04
   3.6491000e+04   8.2300000e+02
   2.0414000e+04   3.9270000e+03
   3.6690000e+04   3.8389000e+04
   3.0324000e+04   4.5890000e+03
   5.2668000e+04   4.7200000e+03
   1.7610000e+04   2.6694000e+04
   6.1191000e+04   2.5419000e+04
   1.0136000e+04   2.9200000e+03
   3.0751000e+04   3.1874000e+04
   2.3325000e+04   3.7232000e+04
   1.3822000e+04   6.1707000e+04
   6.3727000e+04   8.9430000e+03
   2.2707000e+04   1.2180000e+03
   2.5288000e+04   2.4911000e+04
   5.1960000e+04   6.3572000e+04
   1.8022000e+04   5.8513000e+04
   1.4438000e+04   4.6727000e+04
   6.7970000e+03   1.6537000e+04
   4.8499000e+04   7.0450000e+03
   6.4995000e+04   1.0276000e+04
   6.3619000e+04   2.4913000e+04
   2.8977000e+04   5.4329000e+04
