   7.4410000e+03   5.8649000e+04
   4.4000000e+02   1.5719000e+04
   4.6792000e+04   3.7995000e+04
   5.5638000e+04   8.1870000e+03
   9.6900000e+02   4.0630000e+04
   5.0852000e+04   3.1472000e+04
   4.9175000e+04   1.2808000e+04
   2.0992000e+04   8.1380000e+03
   4.4502000e+04   3.6768000e+04
   2.7591000e+04   1.8297000e+04
   5.7607000e+04   4.1771000e+04
   2.5639000e+04   7.9530000e+03
   2.8552000e+04   3.9737000e+04
   1.4478000e+04   9.6170000e+03
   5.3240000e+03   5.2895000e+04
   2.5969000e+04   1.1579000e+04
   6.2300000e+03   1.2230000e+03
   4.8515000e+04   6.3544000e+04
   3.5568000e+04   3.2360000e+04
   6.6420000e+03   1.7362000e+04
   2.2766000e+04   4.7180000e+04
   2.7910000e+03   3.7281000e+04
   2.6780000e+04   1.5857000e+04
   3.2087000e+04   4.3859000e+04
   3.2891000e+04   4.9417000e+04
   3.8911000e+04   3.6682000e+04
   4.2151000e+04   5.2471000e+04
   6.4794000e+04   6.4790000e+04
   2.2513000e+04   3.8100000e+04
   3.0483000e+04   3.6454000e+04
   1.4168000e+04   5.5498000e+04
   2.1191000e+04   1.7540000e+04
   3.3785000e+04   4.7170000e+03
   6.1122000e+04   7.5140000e+03
   2.1921000e+04   2.9770000e+04
   1.3843000e+04   5.8884000e+04
   3.0249000e+04   6.3392000e+04
   1.2964000e+04   3.6107000e+04
   6.2036000e+04   1.5269000e+04
   1.7868000e+04   5.6594000e+04
   3.4987000e+04   5.0330000e+04
   7.1670000e+03   1.4793000e+04
   4.1030000e+04   4.8847000e+04
   5.9570000e+03   4.8964000e+04
   4.6410000e+04   4.3599000e+04
   4.3373000e+04   3.4164000e+04
   8.1080000e+03   2.0799000e+04
   5.0360000e+04   3.2405000e+04
   7.8470000e+03   1.3324000e+04
   4.5000000e+01   4.8748000e+04
   2.4927000e+04   4.1668000e+04
   1.1506000e+04   8.2300000e+02
   2.9295000e+04   3.9270000e+03
   1.8026000e+04   3.8389000e+04
   3.5504000e+04   4.5890000e+03
   5.8472000e+04   2.7100000e+03
   5.5107000e+04   6.0910000e+03
   3.5260000e+04   2.5419000e+04
   6.3339000e+04   2.9200000e+03
   5.0074000e+04   3.1874000e+04
   5.3234000e+04   3.7232000e+04
   2.5253000e+04   6.0961000e+04
   5.4860000e+03   8.9430000e+03
   6.5522000e+04   1.2180000e+03
   3.7199000e+04   4.2938000e+04
   2.1690000e+03   6.3572000e+04
   1.1860000e+04   6.4409000e+04
   2.8900000e+04   4.6727000e+04
   5.0966000e+04   1.6537000e+04
   1.6740000e+03   7.0450000e+03
   4.2766000e+04   1.0276000e+04
   4.0872000e+04   2.4913000e+04
   6.4906000e+04   5.4329000e+04
