   5.3350000e+04   4.0222000e+04
   1.4948000e+04   1.5719000e+04
   5.7394000e+04   3.7995000e+04
   3.0109000e+04   5.7418000e+04
   1.7126000e+04   4.0630000e+04
   6.1839000e+04   3.1300000e+04
   5.7950000e+04   1.2808000e+04
   4.8062000e+04   8.1380000e+03
   2.1629000e+04   3.6768000e+04
   1.7365000e+04   1.8297000e+04
   4.5256000e+04   2.0198000e+04
   2.8771000e+04   7.9530000e+03
   3.2542000e+04   3.9737000e+04
   2.5835000e+04   3.1846000e+04
   5.2986000e+04   5.2895000e+04
   1.0590000e+04   5.3568000e+04
   5.1990000e+03   1.2230000e+03
   5.0725000e+04   6.3544000e+04
   2.7405000e+04   3.2360000e+04
   6.1991000e+04   1.7362000e+04
   2.0911000e+04   7.1540000e+03
   6.4591000e+04   3.7281000e+04
   3.8283000e+04   1.7081000e+04
   2.8345000e+04   4.3859000e+04
   5.8687000e+04   5.3430000e+03
   5.4549000e+04   3.6682000e+04
   3.7709000e+04   5.2471000e+04
   2.3138000e+04   6.4790000e+04
   3.4861000e+04   3.8100000e+04
   3.8493000e+04   3.6454000e+04
   1.1328000e+04   5.5498000e+04
   4.6341000e+04   1.4673000e+04
   1.1544000e+04   4.7170000e+03
   4.6508000e+04   4.0036000e+04
   1.7596000e+04   5.6817000e+04
   3.9018000e+04   5.1345000e+04
   4.6886000e+04   6.3392000e+04
   4.6965000e+04   3.6107000e+04
   5.2081000e+04   1.5269000e+04
   1.2133000e+04   5.6594000e+04
   6.1775000e+04   3.8892000e+04
   4.0447000e+04   1.4793000e+04
   5.0730000e+03   4.8847000e+04
   4.3999000e+04   4.8964000e+04
   2.2943000e+04   2.5286000e+04
   1.6620000e+04   5.3958000e+04
   1.8935000e+04   2.0799000e+04
   4.1145000e+04   2.8188000e+04
   1.6511000e+04   1.3324000e+04
   1.4160000e+03   4.8748000e+04
   2.9866000e+04   6.2060000e+03
   5.0786000e+04   8.2300000e+02
   5.3470000e+03   3.9270000e+03
   1.0018000e+04   3.8389000e+04
   3.4473000e+04   4.5890000e+03
   5.6686000e+04   2.3352000e+04
   1.4849000e+04   5.0067000e+04
   1.4722000e+04   2.5419000e+04
   6.0136000e+04   2.9200000e+03
   2.5086000e+04   3.1874000e+04
   4.4719000e+04   3.7232000e+04
   3.8169000e+04   5.3922000e+04
   3.9630000e+04   8.9430000e+03
   4.4044000e+04   1.2180000e+03
   4.9549000e+04   6.3944000e+04
   6.5030000e+04   6.3572000e+04
   2.8988000e+04   6.4105000e+04
   8.7630000e+03   4.6727000e+04
   3.4306000e+04   1.6537000e+04
   4.3314000e+04   7.0450000e+03
   2.3484000e+04   1.0276000e+04
   3.2310000e+03   2.4913000e+04
   5.6130000e+03   5.4329000e+04
