   5.4604000e+04   2.0579000e+04
   2.6749000e+04   1.5719000e+04
   5.8988000e+04   3.7995000e+04
   3.5576000e+04   5.1393000e+04
   4.8616000e+04   4.0630000e+04
   3.0439000e+04   4.2276000e+04
   1.3343000e+04   1.2808000e+04
   4.9728000e+04   8.1380000e+03
   2.6241000e+04   3.6768000e+04
   4.3554000e+04   1.8297000e+04
   1.7676000e+04   4.2235000e+04
   2.3594000e+04   7.9530000e+03
   6.2978000e+04   3.9737000e+04
   4.3418000e+04   2.7228000e+04
   2.6471000e+04   5.2895000e+04
   3.1575000e+04   5.8776000e+04
   2.8953000e+04   1.2230000e+03
   5.7375000e+04   6.3544000e+04
   5.8247000e+04   3.2360000e+04
   2.1371000e+04   1.7362000e+04
   5.0363000e+04   2.4807000e+04
   3.4160000e+03   3.7281000e+04
   3.4711000e+04   3.5913000e+04
   3.0460000e+03   4.3859000e+04
   3.8727000e+04   6.4093000e+04
   5.1903000e+04   3.6682000e+04
   5.7542000e+04   5.2471000e+04
   4.1572000e+04   6.4790000e+04
   7.6730000e+03   3.8100000e+04
   3.7851000e+04   3.6454000e+04
   5.2759000e+04   5.5498000e+04
   2.6374000e+04   5.8185000e+04
   2.0669000e+04   4.7170000e+03
   5.0951000e+04   3.4426000e+04
   8.7670000e+03   1.3802000e+04
   3.5099000e+04   2.6429000e+04
   3.3350000e+03   6.3392000e+04
   2.1192000e+04   3.6107000e+04
   3.4207000e+04   1.5269000e+04
   3.3446000e+04   5.6594000e+04
   5.4102000e+04   1.0966000e+04
   2.3807000e+04   1.4793000e+04
   2.3894000e+04   4.8847000e+04
   1.0148000e+04   4.8964000e+04
   3.7608000e+04   5.7653000e+04
   1.6748000e+04   1.9798000e+04
   9.9670000e+03   2.0799000e+04
   4.3211000e+04   4.6488000e+04
   6.5275000e+04   1.3324000e+04
   5.3030000e+03   4.8748000e+04
   3.4283000e+04   4.1769000e+04
   2.8480000e+03   8.2300000e+02
   1.7340000e+03   3.9270000e+03
   6.5525000e+04   3.8389000e+04
   5.2220000e+04   4.5890000e+03
   4.1879000e+04   1.1729000e+04
   2.0081000e+04   4.6139000e+04
   1.7969000e+04   2.5419000e+04
   3.0123000e+04   2.9200000e+03
   5.0557000e+04   3.1874000e+04
   1.8437000e+04   3.7232000e+04
   1.6812000e+04   6.7620000e+03
   2.7834000e+04   8.9430000e+03
   4.5359000e+04   1.2180000e+03
   3.9799000e+04   1.8285000e+04
   5.8121000e+04   6.3572000e+04
   9.8410000e+03   3.2245000e+04
   4.7650000e+03   4.6727000e+04
   1.5459000e+04   1.6537000e+04
   3.8264000e+04   7.0450000e+03
   4.3788000e+04   1.0276000e+04
   6.1544000e+04   2.4913000e+04
   1.7337000e+04   5.4329000e+04
