   4.7240000e+04   2.7670000e+03
   2.5083000e+04   1.5719000e+04
   2.2168000e+04   3.7995000e+04
   1.8002000e+04   2.9720000e+03
   2.5339000e+04   4.0630000e+04
   3.7347000e+04   1.0134000e+04
   1.8591000e+04   1.2808000e+04
   4.3686000e+04   8.1380000e+03
   8.7850000e+03   3.6768000e+04
   2.2516000e+04   1.8297000e+04
   4.6428000e+04   5.0599000e+04
   1.2506000e+04   7.9530000e+03
   6.3686000e+04   3.9737000e+04
   3.6258000e+04   5.9927000e+04
   3.7887000e+04   5.2895000e+04
   9.6980000e+03   4.7212000e+04
   5.8501000e+04   1.2230000e+03
   4.8361000e+04   6.3544000e+04
   2.8455000e+04   3.2360000e+04
   3.5706000e+04   1.7362000e+04
   6.2138000e+04   5.2530000e+04
   6.0196000e+04   3.7281000e+04
   3.2436000e+04   2.1485000e+04
   1.0046000e+04   4.3859000e+04
   3.3153000e+04   1.2504000e+04
   6.1511000e+04   3.6682000e+04
   1.9793000e+04   5.2471000e+04
   5.3097000e+04   6.4790000e+04
   5.4315000e+04   3.8100000e+04
   3.7821000e+04   3.6454000e+04
   3.1993000e+04   5.5498000e+04
   3.7232000e+04   6.5527000e+04
   5.1994000e+04   4.7170000e+03
   5.1830000e+04   2.2450000e+03
   4.0202000e+04   4.8000000e+04
   3.7993000e+04   6.0937000e+04
   8.5040000e+03   6.3392000e+04
   5.8697000e+04   3.6107000e+04
   4.3508000e+04   1.5269000e+04
   2.1352000e+04   5.6594000e+04
   4.7572000e+04   3.9329000e+04
   3.2701000e+04   1.4793000e+04
   4.6663000e+04   4.8847000e+04
   6.4438000e+04   4.8964000e+04
   5.9929000e+04   2.2630000e+04
   3.4143000e+04   3.3219000e+04
   1.5042000e+04   2.0799000e+04
   2.7983000e+04   2.7459000e+04
   4.1739000e+04   1.3324000e+04
   3.2271000e+04   4.8748000e+04
   2.3724000e+04   2.7679000e+04
   1.7327000e+04   8.2300000e+02
   6.3889000e+04   3.9270000e+03
   5.2810000e+03   3.8389000e+04
   5.8785000e+04   4.5890000e+03
   3.1315000e+04   6.2084000e+04
   5.5016000e+04   6.4961000e+04
   2.3126000e+04   2.5419000e+04
   9.3270000e+03   2.9200000e+03
   6.5540000e+03   3.1874000e+04
   9.9440000e+03   3.7232000e+04
   2.4993000e+04   3.0966000e+04
   3.8485000e+04   8.9430000e+03
   3.8936000e+04   1.2180000e+03
   5.1685000e+04   1.2211000e+04
   4.2910000e+04   6.3572000e+04
   3.2178000e+04   2.0580000e+04
   1.4890000e+03   4.6727000e+04
   4.5877000e+04   1.6537000e+04
   2.6872000e+04   7.0450000e+03
   4.2130000e+04   1.0276000e+04
   1.1270000e+04   2.4913000e+04
   2.8815000e+04   5.4329000e+04
