   1.4862000e+04   5.7614000e+04
   5.2089000e+04   1.5719000e+04
   1.2860000e+03   3.7995000e+04
   3.1320000e+04   3.0904000e+04
   1.3005000e+04   4.0630000e+04
   2.7156000e+04   1.8040000e+03
   8.1600000e+03   1.2808000e+04
   4.4753000e+04   8.1380000e+03
   6.4691000e+04   3.6768000e+04
   6.5144000e+04   1.8297000e+04
   2.2844000e+04   4.5151000e+04
   3.5260000e+04   7.9530000e+03
   1.9070000e+03   3.9737000e+04
   1.7756000e+04   1.0452000e+04
   2.0980000e+03   5.2895000e+04
   1.5126000e+04   6.2780000e+04
   3.2238000e+04   1.2230000e+03
   8.2800000e+03   6.3544000e+04
   2.4241000e+04   3.2360000e+04
   2.3162000e+04   1.7362000e+04
   4.2188000e+04   2.5075000e+04
   2.9110000e+04   3.7281000e+04
   4.7261000e+04   1.1330000e+03
   6.7300000e+03   4.3859000e+04
   1.2897000e+04   1.6480000e+04
   3.7602000e+04   3.6682000e+04
   3.8836000e+04   5.2471000e+04
   6.2713000e+04   6.4790000e+04
   1.4571000e+04   3.8100000e+04
   2.0682000e+04   3.6454000e+04
   1.6100000e+03   5.5498000e+04
   1.7987000e+04   4.3841000e+04
   6.0301000e+04   4.7170000e+03
   5.2901000e+04   2.0508000e+04
   5.0726000e+04   9.6020000e+03
   2.8908000e+04   5.2726000e+04
   1.8097000e+04   6.3392000e+04
   1.8399000e+04   3.6107000e+04
   1.7467000e+04   1.5269000e+04
   5.2550000e+03   5.6594000e+04
   2.1947000e+04   1.5381000e+04
   5.5516000e+04   1.4793000e+04
   2.1276000e+04   4.8847000e+04
   2.7390000e+04   4.8964000e+04
   1.2863000e+04   1.2538000e+04
   3.4107000e+04   6.1631000e+04
   9.0060000e+03   2.0799000e+04
   3.4028000e+04   1.4642000e+04
   2.7543000e+04   1.3324000e+04
   4.7924000e+04   4.8748000e+04
   4.3528000e+04   5.5805000e+04
   2.5655000e+04   8.2300000e+02
   6.4056000e+04   3.9270000e+03
   1.6812000e+04   3.8389000e+04
   5.8025000e+04   4.5890000e+03
   3.1608000e+04   5.5556000e+04
   3.8139000e+04   4.0391000e+04
   3.2767000e+04   2.5419000e+04
   3.4848000e+04   2.9200000e+03
   2.4550000e+03   3.1874000e+04
   5.0145000e+04   3.7232000e+04
   5.5636000e+04   2.4758000e+04
   5.5785000e+04   8.9430000e+03
   4.3617000e+04   1.2180000e+03
   6.6210000e+03   4.8939000e+04
   4.0400000e+03   6.3572000e+04
   9.6610000e+03   3.6243000e+04
   4.8531000e+04   4.6727000e+04
   1.2622000e+04   1.6537000e+04
   1.2434000e+04   7.0450000e+03
   6.2265000e+04   1.0276000e+04
   5.1372000e+04   2.4913000e+04
   4.1975000e+04   5.4329000e+04
