   4.0220000e+04   9.7750000e+03
   2.9491000e+04   1.5719000e+04
   5.2442000e+04   3.7995000e+04
   9.9100000e+03   5.6002000e+04
   6.2473000e+04   4.0630000e+04
   5.6959000e+04   1.8191000e+04
   6.3641000e+04   1.2808000e+04
   4.8233000e+04   8.1380000e+03
   3.1381000e+04   3.6768000e+04
   5.3540000e+03   1.8297000e+04
   6.0878000e+04   3.1890000e+04
   5.1669000e+04   7.9530000e+03
   4.5200000e+03   3.9737000e+04
   6.0927000e+04   1.4934000e+04
   2.3190000e+04   5.2895000e+04
   2.2249000e+04   3.5886000e+04
   6.5446000e+04   1.2230000e+03
   3.7429000e+04   6.3544000e+04
   7.4600000e+03   3.2360000e+04
   1.7869000e+04   1.7362000e+04
   5.2047000e+04   4.9744000e+04
   7.6490000e+03   3.7281000e+04
   4.4846000e+04   3.7221000e+04
   3.3515000e+04   4.3859000e+04
   1.3897000e+04   2.1345000e+04
   5.8631000e+04   3.6682000e+04
   1.0566000e+04   5.2471000e+04
   2.6955000e+04   6.4790000e+04
   3.9622000e+04   3.8100000e+04
   3.3698000e+04   3.6454000e+04
   5.8036000e+04   5.5498000e+04
   4.4573000e+04   6.4636000e+04
   2.4794000e+04   4.7170000e+03
   3.6696000e+04   5.4082000e+04
   1.2826000e+04   2.0333000e+04
   4.3291000e+04   5.9801000e+04
   2.3623000e+04   6.3392000e+04
   1.5467000e+04   3.6107000e+04
   1.2026000e+04   1.5269000e+04
   1.5026000e+04   5.6594000e+04
   5.7100000e+03   3.6246000e+04
   3.1235000e+04   1.4793000e+04
   6.2238000e+04   4.8847000e+04
   5.7339000e+04   4.8964000e+04
   6.2094000e+04   4.1345000e+04
   2.3002000e+04   4.1055000e+04
   3.9406000e+04   2.0799000e+04
   3.4204000e+04   5.5541000e+04
   6.0341000e+04   1.3324000e+04
   5.6069000e+04   4.8748000e+04
   4.5518000e+04   8.4340000e+03
   6.1000000e+02   8.2300000e+02
   4.1971000e+04   3.9270000e+03
   2.4991000e+04   3.8389000e+04
   4.0844000e+04   4.5890000e+03
   1.7176000e+04   1.3300000e+02
   4.1805000e+04   5.5490000e+04
   2.4362000e+04   2.5419000e+04
   1.1410000e+03   2.9200000e+03
   4.9873000e+04   3.1874000e+04
   3.0140000e+03   3.7232000e+04
   2.0026000e+04   3.7923000e+04
   5.3300000e+04   8.9430000e+03
   5.6163000e+04   1.2180000e+03
   5.9007000e+04   1.1219000e+04
   4.9360000e+03   6.3572000e+04
   4.5629000e+04   2.1129000e+04
   2.1355000e+04   4.6727000e+04
   3.6490000e+04   1.6537000e+04
   5.2113000e+04   7.0450000e+03
   1.6579000e+04   1.0276000e+04
   6.3745000e+04   2.4913000e+04
   2.9064000e+04   5.4329000e+04
