   1.9759000e+04   6.0145000e+04
   1.1118000e+04   1.5719000e+04
   2.6220000e+03   3.7995000e+04
   5.2567000e+04   8.1210000e+03
   5.7530000e+03   4.0630000e+04
   3.2244000e+04   1.0008000e+04
   2.8407000e+04   1.2808000e+04
   2.6783000e+04   8.1380000e+03
   1.2045000e+04   3.6768000e+04
   5.7276000e+04   1.8297000e+04
   2.3887000e+04   6.2884000e+04
   5.6075000e+04   7.9530000e+03
   3.8253000e+04   3.9737000e+04
   3.2341000e+04   1.1984000e+04
   3.5980000e+04   5.2895000e+04
   6.1932000e+04   1.7347000e+04
   1.5603000e+04   1.2230000e+03
   4.9314000e+04   6.3544000e+04
   4.5966000e+04   3.2360000e+04
   5.1210000e+03   1.7362000e+04
   5.4904000e+04   1.0063000e+04
   1.9036000e+04   3.7281000e+04
   4.3622000e+04   5.0688000e+04
   2.4461000e+04   4.3859000e+04
   3.1153000e+04   6.3510000e+03
   3.8774000e+04   3.6682000e+04
   4.1402000e+04   5.2471000e+04
   6.3695000e+04   6.4790000e+04
   2.7004000e+04   3.8100000e+04
   6.5127000e+04   3.6454000e+04
   2.2718000e+04   5.5498000e+04
   2.2978000e+04   3.2003000e+04
   6.5225000e+04   4.7170000e+03
   4.7479000e+04   6.3529000e+04
   2.4180000e+04   2.7677000e+04
   3.7130000e+04   1.7869000e+04
   5.9648000e+04   6.3392000e+04
   7.3780000e+03   3.6107000e+04
   1.7339000e+04   1.5269000e+04
   6.4601000e+04   5.6594000e+04
   4.7781000e+04   2.4477000e+04
   2.2366000e+04   1.4793000e+04
   5.9380000e+03   4.8847000e+04
   3.0773000e+04   4.8964000e+04
   6.1782000e+04   4.8539000e+04
   1.4883000e+04   4.3475000e+04
   1.8546000e+04   2.0799000e+04
   5.4504000e+04   5.0980000e+04
   5.2790000e+04   1.3324000e+04
   2.2520000e+04   4.8748000e+04
   1.6817000e+04   6.1043000e+04
   5.1100000e+04   8.2300000e+02
   6.5434000e+04   3.9270000e+03
   4.9148000e+04   3.8389000e+04
   3.3758000e+04   4.5890000e+03
   4.8711000e+04   1.0261000e+04
   6.0105000e+04   5.9870000e+04
   3.1413000e+04   2.5419000e+04
   5.8776000e+04   2.9200000e+03
   4.3188000e+04   3.1874000e+04
   3.1975000e+04   3.7232000e+04
   3.6501000e+04   1.5288000e+04
   5.5791000e+04   8.9430000e+03
   4.9938000e+04   1.2180000e+03
   5.3513000e+04   6.9520000e+03
   4.1748000e+04   6.3572000e+04
   2.0132000e+04   3.3461000e+04
   5.4118000e+04   4.6727000e+04
   4.9388000e+04   1.6537000e+04
   3.1615000e+04   7.0450000e+03
   1.3452000e+04   1.0276000e+04
   2.3790000e+03   2.4913000e+04
   5.9199000e+04   5.4329000e+04
