   1.7611000e+04   5.6976000e+04
   1.8174000e+04   1.5719000e+04
   6.4902000e+04   3.7995000e+04
   2.2991000e+04   4.3967000e+04
   3.3886000e+04   4.0630000e+04
   5.9822000e+04   2.9211000e+04
   3.0589000e+04   1.2808000e+04
   4.1259000e+04   8.1380000e+03
   4.9776000e+04   3.6768000e+04
   5.1094000e+04   1.8297000e+04
   4.1161000e+04   5.0694000e+04
   1.7393000e+04   7.9530000e+03
   2.9796000e+04   3.9737000e+04
   2.5867000e+04   6.7580000e+03
   5.5341000e+04   5.2895000e+04
   1.0622000e+04   1.4108000e+04
   1.6753000e+04   1.2230000e+03
   2.3700000e+03   6.3544000e+04
   2.3868000e+04   3.2360000e+04
   1.1350000e+04   1.7362000e+04
   1.3873000e+04   2.1300000e+03
   2.0585000e+04   3.7281000e+04
   2.0943000e+04   2.5150000e+04
   4.2430000e+03   4.3859000e+04
   3.7210000e+04   5.5007000e+04
   4.6766000e+04   3.6682000e+04
   4.7675000e+04   5.2471000e+04
   6.1972000e+04   6.4790000e+04
   9.0780000e+03   3.8100000e+04
   5.4265000e+04   3.6454000e+04
   2.9340000e+04   5.5498000e+04
   3.6105000e+04   3.9038000e+04
   2.9194000e+04   4.7170000e+03
   3.6294000e+04   2.2640000e+03
   1.2525000e+04   2.2605000e+04
   2.5755000e+04   1.1010000e+03
   6.0049000e+04   6.3392000e+04
   3.1681000e+04   3.6107000e+04
   4.3853000e+04   1.5269000e+04
   1.5143000e+04   5.6594000e+04
   6.5420000e+03   5.7892000e+04
   1.4039000e+04   1.4793000e+04
   6.1259000e+04   4.8847000e+04
   4.3048000e+04   4.8964000e+04
   4.1385000e+04   3.0459000e+04
   4.5272000e+04   4.7173000e+04
   1.0885000e+04   2.0799000e+04
   3.8058000e+04   2.1576000e+04
   1.5490000e+03   1.3324000e+04
   5.2703000e+04   4.8748000e+04
   2.9899000e+04   2.2480000e+03
   5.6439000e+04   8.2300000e+02
   2.8620000e+03   3.9270000e+03
   1.5228000e+04   3.8389000e+04
   1.8365000e+04   4.5890000e+03
   3.8283000e+04   1.7081000e+04
   2.3204000e+04   5.5252000e+04
   1.6655000e+04   2.5419000e+04
   1.6426000e+04   2.9200000e+03
   8.4860000e+03   3.1874000e+04
   3.6412000e+04   3.7232000e+04
   3.6137000e+04   2.9822000e+04
   4.8290000e+03   8.9430000e+03
   3.6620000e+04   1.2180000e+03
   3.2173000e+04   2.3718000e+04
   6.0677000e+04   6.3572000e+04
   2.7996000e+04   4.2280000e+03
   1.1189000e+04   4.6727000e+04
   3.5534000e+04   1.6537000e+04
   6.3658000e+04   7.0450000e+03
   4.4150000e+04   1.0276000e+04
   6.5185000e+04   2.4913000e+04
   3.7862000e+04   5.4329000e+04
