   4.7410000e+04   4.5137000e+04
   1.0225000e+04   1.5719000e+04
   1.2571000e+04   3.7995000e+04
   4.1491000e+04   4.3580000e+03
   4.4955000e+04   4.0630000e+04
   4.7489000e+04   5.0927000e+04
   6.2199000e+04   1.2808000e+04
   5.6776000e+04   8.1380000e+03
   1.5660000e+03   3.6768000e+04
   8.3350000e+03   1.8297000e+04
   1.6569000e+04   4.0790000e+04
   1.2013000e+04   7.9530000e+03
   5.1880000e+03   3.9737000e+04
   4.5316000e+04   3.7866000e+04
   5.1365000e+04   5.2895000e+04
   4.9007000e+04   5.8980000e+04
   2.6634000e+04   1.2230000e+03
   5.8902000e+04   6.3544000e+04
   6.1330000e+03   3.2360000e+04
   6.7600000e+03   1.7362000e+04
   4.5379000e+04   1.7247000e+04
   1.4278000e+04   3.7281000e+04
   2.3703000e+04   3.4999000e+04
   3.5807000e+04   4.3859000e+04
   4.9727000e+04   6.4074000e+04
   2.7049000e+04   3.6682000e+04
   1.6788000e+04   5.2471000e+04
   9.4140000e+03   6.4790000e+04
   6.4827000e+04   3.8100000e+04
   5.6138000e+04   3.6454000e+04
   1.9233000e+04   5.5498000e+04
   5.2639000e+04   4.2150000e+03
   3.8820000e+04   4.7170000e+03
   1.5893000e+04   5.6586000e+04
   5.6686000e+04   2.3352000e+04
   4.2230000e+04   4.2832000e+04
   2.3123000e+04   6.3392000e+04
   1.6210000e+04   3.6107000e+04
   2.3843000e+04   1.5269000e+04
   2.5090000e+03   5.6594000e+04
   2.9943000e+04   2.7589000e+04
   5.8190000e+03   1.4793000e+04
   5.6208000e+04   4.8847000e+04
   2.6363000e+04   4.8964000e+04
   1.0675000e+04   5.9605000e+04
   6.3950000e+03   1.6401000e+04
   1.1836000e+04   2.0799000e+04
   4.2500000e+03   3.4102000e+04
   1.9419000e+04   1.3324000e+04
   6.3346000e+04   4.8748000e+04
   5.3554000e+04   1.3032000e+04
   2.6713000e+04   8.2300000e+02
   3.3659000e+04   3.9270000e+03
   3.1102000e+04   3.8389000e+04
   6.5297000e+04   4.5890000e+03
   1.6521000e+04   5.8830000e+03
   3.9269000e+04   4.0817000e+04
   2.5097000e+04   2.5419000e+04
   3.2281000e+04   2.9200000e+03
   4.2393000e+04   3.1874000e+04
   5.1979000e+04   3.7232000e+04
   4.9647000e+04   6.5080000e+03
   2.2394000e+04   8.9430000e+03
   4.3127000e+04   1.2180000e+03
   1.1628000e+04   5.9878000e+04
   6.5517000e+04   6.3572000e+04
   4.9871000e+04   6.1150000e+04
   2.7804000e+04   4.6727000e+04
   4.1554000e+04   1.6537000e+04
   4.0111000e+04   7.0450000e+03
   9.1160000e+03   1.0276000e+04
   5.7964000e+04   2.4913000e+04
   5.6429000e+04   5.4329000e+04
