   3.5994000e+04   4.2155000e+04
   4.1796000e+04   1.5719000e+04
   3.4704000e+04   3.7995000e+04
   4.8665000e+04   2.5850000e+03
   5.1790000e+04   4.0630000e+04
   3.6300000e+04   2.8675000e+04
   4.0631000e+04   1.2808000e+04
   2.3648000e+04   8.1380000e+03
   3.8871000e+04   3.6768000e+04
   6.2335000e+04   1.8297000e+04
   1.7676000e+04   4.2235000e+04
   2.7383000e+04   7.9530000e+03
   2.3254000e+04   3.9737000e+04
   5.3576000e+04   6.3899000e+04
   1.5913000e+04   5.2895000e+04
   1.9691000e+04   5.3982000e+04
   5.7625000e+04   1.2230000e+03
   4.8763000e+04   6.3544000e+04
   5.1137000e+04   3.2360000e+04
   3.5560000e+04   1.7362000e+04
   4.3386000e+04   3.2476000e+04
   2.9863000e+04   3.7281000e+04
   1.0589000e+04   6.4150000e+03
   6.2975000e+04   4.3859000e+04
   3.6058000e+04   6.1127000e+04
   3.0158000e+04   3.6682000e+04
   2.3570000e+03   5.2471000e+04
   4.2971000e+04   6.4790000e+04
   1.7297000e+04   3.8100000e+04
   2.8538000e+04   3.6454000e+04
   3.5915000e+04   5.5498000e+04
   4.5259000e+04   6.1794000e+04
   5.1414000e+04   4.7170000e+03
   5.5836000e+04   1.0867000e+04
   2.4779000e+04   6.1005000e+04
   5.8519000e+04   1.0800000e+04
   1.0947000e+04   6.3392000e+04
   5.6161000e+04   3.6107000e+04
   1.0442000e+04   1.5269000e+04
   1.3155000e+04   5.6594000e+04
   1.5741000e+04   5.7235000e+04
   3.5210000e+04   1.4793000e+04
   2.3328000e+04   4.8847000e+04
   2.5580000e+04   4.8964000e+04
   5.7853000e+04   1.0962000e+04
   4.9465000e+04   2.5544000e+04
   1.8280000e+03   2.0799000e+04
   3.9099000e+04   2.6093000e+04
   2.7252000e+04   1.3324000e+04
   5.7367000e+04   4.8748000e+04
   6.1604000e+04   1.4720000e+04
   1.1882000e+04   8.2300000e+02
   8.2420000e+03   3.9270000e+03
   5.9011000e+04   3.8389000e+04
   6.5233000e+04   4.5890000e+03
   3.5082000e+04   3.4702000e+04
   1.8910000e+04   3.9487000e+04
   9.2060000e+03   2.5419000e+04
   3.0397000e+04   2.9200000e+03
   6.0143000e+04   3.1874000e+04
   1.1700000e+04   3.7232000e+04
   1.9805000e+04   3.7995000e+04
   2.4031000e+04   8.9430000e+03
   5.5686000e+04   1.2180000e+03
   4.3434000e+04   2.3298000e+04
   2.9430000e+03   6.3572000e+04
   2.4940000e+04   1.0566000e+04
   2.2130000e+04   4.6727000e+04
   3.1843000e+04   1.6537000e+04
   4.7582000e+04   7.0450000e+03
   2.0340000e+03   1.0276000e+04
   4.1217000e+04   2.4913000e+04
   1.4492000e+04   5.4329000e+04
