   3.5049000e+04   6.0580000e+03
   8.1910000e+03   3.2360000e+04
   3.6814000e+04   2.4913000e+04
   5.5059000e+04   6.4802000e+04
   7.2850000e+03   5.4329000e+04
   2.3203000e+04   1.2625000e+04
   3.3834000e+04   3.8100000e+04
   4.5815000e+04   8.1380000e+03
   5.9598000e+04   3.6768000e+04
   5.5559000e+04   1.8297000e+04
   1.9769000e+04   2.1168000e+04
   3.5704000e+04   7.9530000e+03
   6.3626000e+04   3.7281000e+04
   8.5870000e+03   2.8610000e+03
   5.1200000e+03   5.2895000e+04
   4.9734000e+04   4.5038000e+04
   4.3920000e+04   1.2230000e+03
   2.6374000e+04   6.3544000e+04
   4.7290000e+03   4.0630000e+04
   1.2979000e+04   1.9519000e+04
   2.0569000e+04   2.0799000e+04
   6.1059000e+04   6.4125000e+04
   6.5417000e+04   1.7362000e+04
   1.1739000e+04   3.4689000e+04
   1.7430000e+03   3.6682000e+04
   5.3750000e+03   5.2471000e+04
   5.4445000e+04   3.7995000e+04
   3.7661000e+04   6.3572000e+04
   4.8248000e+04   3.6454000e+04
   2.3684000e+04   1.5719000e+04
   1.0602000e+04   4.2419000e+04
   9.1190000e+03   4.7170000e+03
   4.9562000e+04   3.9057000e+04
   2.6889000e+04   6.0377000e+04
   4.5290000e+04   6.0156000e+04
   3.0559000e+04   6.3392000e+04
   6.3430000e+04   4.8847000e+04
   1.7841000e+04   1.5269000e+04
   2.3478000e+04   5.6594000e+04
   8.8490000e+03   5.8232000e+04
   1.8994000e+04   1.4793000e+04
   1.3511000e+04   4.3859000e+04
   2.1480000e+03   4.8964000e+04
   8.9640000e+03   3.6370000e+04
   3.2121000e+04   2.3411000e+04
   4.6388000e+04   6.4790000e+04
   4.2250000e+04   1.8370000e+04
   2.7166000e+04   1.3324000e+04
   1.5480000e+03   1.2808000e+04
   5.1434000e+04   5.2023000e+04
   6.3549000e+04   8.2300000e+02
   6.1781000e+04   3.9270000e+03
   4.3430000e+04   3.8389000e+04
   9.0380000e+03   3.1874000e+04
   3.5432000e+04   2.6597000e+04
   6.0146000e+04   3.4117000e+04
   6.5138000e+04   2.5419000e+04
   5.8492000e+04   2.9200000e+03
   1.4653000e+04   3.9737000e+04
   5.7742000e+04   3.7232000e+04
   6.6200000e+03   3.9371000e+04
   6.4705000e+04   8.9430000e+03
   3.8312000e+04   4.5890000e+03
   3.0360000e+04   3.0862000e+04
   4.2824000e+04   5.5498000e+04
   2.4155000e+04   5.9568000e+04
   1.2238000e+04   4.6727000e+04
   3.2507000e+04   1.6537000e+04
   3.0888000e+04   7.0450000e+03
   5.3796000e+04   1.2180000e+03
   4.1460000e+04   3.6107000e+04
   2.0237000e+04   1.0276000e+04
